2.220446049250313081e-16 4.083795415701345632e-01 -9.128122205727563498e-01 2.500000000000000000e+00
9.999999999999997780e-01 -2.220446049250313081e-16 0.000000000000000000e+00 -6.099999999999999867e-01
0.000000000000000000e+00 -9.128122205727563498e-01 -4.083795415701347853e-01 1.889999999999999902e+00
0.000000000000000000e+00 0.000000000000000000e+00 0.000000000000000000e+00 1.000000000000000000e+00
-7.472177143050817705e-04 4.083091641868996646e-01 -9.128433973616081332e-01 2.499000000000000110e+00
9.999997099892434793e-01 4.395263020305906210e-04 -6.219630686103427841e-04 -6.078999999999999959e-01
1.472654620760516231e-04 -9.128435973690263161e-01 -4.083093741946889343e-01 1.889999999999999902e+00
0.000000000000000000e+00 0.000000000000000000e+00 0.000000000000000000e+00 1.000000000000000000e+00
-2.863500477489955287e-03 4.081993217603097079e-01 -9.128883360408537317e-01 2.495899999999999785e+00
9.999959001711269391e-01 1.171111117821865832e-03 -2.613070930419236770e-03 -6.018000000000000016e-01
2.439898158568265529e-06 -9.128920758847525185e-01 -4.082010016901893579e-01 1.889999999999999902e+00
0.000000000000000000e+00 0.000000000000000000e+00 0.000000000000000000e+00 1.000000000000000000e+00
-6.551049696074451312e-03 4.081921389523540111e-01 -9.128725329668878619e-01 2.490800000000000125e+00
9.999785410819588272e-01 2.704743626826489056e-03 -5.966719158020106217e-03 -5.917999999999999927e-01
3.351831000680816075e-05 -9.128920319837474651e-01 -4.082010985006134240e-01 1.889999999999999902e+00
0.000000000000000000e+00 0.000000000000000000e+00 0.000000000000000000e+00 1.000000000000000000e+00
-1.153125732439752582e-02 4.081042026051850957e-01 -9.128625252032775972e-01 2.483699999999999797e+00
9.999335069592731884e-01 4.607240689116776089e-03 -1.057142343119354955e-02 -5.779999999999999583e-01
-1.084649601025833299e-04 -9.129237280020815470e-01 -4.081301937937621971e-01 1.889999999999999902e+00
0.000000000000000000e+00 0.000000000000000000e+00 0.000000000000000000e+00 1.000000000000000000e+00
-1.788611193502676056e-02 4.080657478535945626e-01 -9.127773180949085852e-01 2.474699999999999900e+00
9.998400301615695263e-01 7.269782657519430202e-03 -1.634210349447545729e-02 -5.605999999999999872e-01
-3.295996671043299742e-05 -9.129235979471659324e-01 -4.081304977881972662e-01 1.889999999999999902e+00
0.000000000000000000e+00 0.000000000000000000e+00 0.000000000000000000e+00 1.000000000000000000e+00
-2.545521793584293313e-02 4.078201047950689162e-01 -9.127073978032489432e-01 2.463799999999999990e+00
9.996759633924332533e-01 1.037560117640357049e-02 -2.324467929740464678e-02 -5.396999999999999575e-01
-9.759596635905420925e-06 -9.130033455717276869e-01 -4.079520693409739440e-01 1.889999999999999902e+00
0.000000000000000000e+00 0.000000000000000000e+00 0.000000000000000000e+00 1.000000000000000000e+00
-3.455289394224037025e-02 4.074598931534739732e-01 -9.125691935363453577e-01 2.450899999999999856e+00
9.994028704736518387e-01 1.408455295694110987e-02 -3.155198657815555530e-02 -5.154999999999999583e-01
-3.039946679272986785e-06 -9.131144839719511630e-01 -4.077032488850145797e-01 1.889999999999999902e+00
0.000000000000000000e+00 0.000000000000000000e+00 0.000000000000000000e+00 1.000000000000000000e+00
-4.478547588455517037e-02 4.073309559930045620e-01 -9.121818642352075290e-01 2.436300000000000132e+00
9.989966251847077761e-01 1.831878019861687967e-02 -4.086765422187910168e-02 -4.879999999999999893e-01
6.339840869989954442e-05 -9.130968812682800362e-01 -4.077426656590920628e-01 1.889999999999999902e+00
0.000000000000000000e+00 0.000000000000000000e+00 0.000000000000000000e+00 1.000000000000000000e+00
-5.611201764606843501e-02 4.068882438356170028e-01 -9.117529262382735311e-01 2.419799999999999951e+00
9.984244795899928082e-01 2.287245216988742502e-02 -5.123874985973114748e-02 -4.575000000000000178e-01
5.580249381409441156e-06 -9.131915505303931369e-01 -4.075306025426277401e-01 1.889999999999999902e+00
0.000000000000000000e+00 0.000000000000000000e+00 0.000000000000000000e+00 1.000000000000000000e+00
-6.883866043086706021e-02 4.063577889698894441e-01 -9.111172186791260952e-01 2.401600000000000179e+00
9.976277951607019912e-01 2.790649692925351033e-02 -6.292860837436103916e-02 -4.240999999999999770e-01
-1.454402966982737411e-04 -9.132877831070775887e-01 -4.073148709223366470e-01 1.889999999999999902e+00
0.000000000000000000e+00 0.000000000000000000e+00 0.000000000000000000e+00 1.000000000000000000e+00
-8.274095663691583002e-02 4.056813915069369947e-01 -9.102617989786254693e-01 2.381699999999999928e+00
9.965710878139448781e-01 3.365257048996828093e-02 -7.558816992591121942e-02 -3.877999999999999781e-01
-3.206460255300580542e-05 -9.133948286937108030e-01 -4.070747915155741303e-01 1.889999999999999902e+00
0.000000000000000000e+00 0.000000000000000000e+00 0.000000000000000000e+00 1.000000000000000000e+00
-9.751854159873774019e-02 4.049637468237312632e-01 -9.091174279502840516e-01 2.359999999999999876e+00
9.952337082212450170e-01 3.967322365086423108e-02 -8.908367608792400194e-02 -3.489999999999999769e-01
-8.040205427217728129e-06 -9.134716191998705215e-01 -4.069024463575043882e-01 1.889999999999999902e+00
0.000000000000000000e+00 0.000000000000000000e+00 0.000000000000000000e+00 1.000000000000000000e+00
-1.136850627822408866e-01 4.039560838399419707e-01 -9.076867239465913340e-01 2.336699999999999999e+00
9.935168352433229044e-01 4.616115782087282238e-02 -1.038915087806902005e-01 -3.075999999999999845e-01
-6.773691526090752646e-05 -9.136129540660717918e-01 -4.065850041189125186e-01 1.889999999999999902e+00
0.000000000000000000e+00 0.000000000000000000e+00 0.000000000000000000e+00 1.000000000000000000e+00
-1.307722758558373943e-01 4.027536007564504472e-01 -9.059184008205147798e-01 2.311700000000000088e+00
9.914124326915361163e-01 5.311312889975006168e-02 -1.195005600117808875e-01 -2.637999999999999790e-01
-1.312004172177028138e-05 -9.137661257762801359e-01 -4.062406518452726378e-01 1.889999999999999902e+00
0.000000000000000000e+00 0.000000000000000000e+00 0.000000000000000000e+00 1.000000000000000000e+00
-1.488372465109394360e-01 4.015865706484429976e-01 -9.036457825530226362e-01 2.285200000000000120e+00
9.888617060584379281e-01 6.046138146444268724e-02 -1.360034839355470648e-01 -2.177999999999999936e-01
1.849965775618800379e-05 -9.138230942727558759e-01 -4.061124869189920994e-01 1.889999999999999902e+00
0.000000000000000000e+00 0.000000000000000000e+00 0.000000000000000000e+00 1.000000000000000000e+00
-1.678721492319720232e-01 4.000759397519301763e-01 -9.009762393891684873e-01 2.257000000000000117e+00
9.858087738571903458e-01 6.817834610331918732e-02 -1.534039585825568985e-01 -1.696999999999999897e-01
5.383698835897954282e-05 -9.139425340546449839e-01 -4.058436171080588850e-01 1.889999999999999902e+00
0.000000000000000000e+00 0.000000000000000000e+00 0.000000000000000000e+00 1.000000000000000000e+00
-1.879437597171357277e-01 3.983105376710512346e-01 -8.977894289662724514e-01 2.227399999999999824e+00
9.821797911775445034e-01 7.618898343730362566e-02 -1.718083135509611559e-01 -1.197000000000000008e-01
-3.139781314231981924e-05 -9.140809342629285794e-01 -4.055318047098019907e-01 1.889999999999999902e+00
0.000000000000000000e+00 0.000000000000000000e+00 0.000000000000000000e+00 1.000000000000000000e+00
-2.087807018649181501e-01 3.962038803241049734e-01 -8.941102301981085354e-01 2.196200000000000152e+00
9.779624808264915092e-01 8.452016576071907927e-02 -1.909076417419555693e-01 -6.779999999999999916e-02
-6.800357698810710616e-05 -9.142640902911494116e-01 -4.051187092441062010e-01 1.889999999999999902e+00
0.000000000000000000e+00 0.000000000000000000e+00 0.000000000000000000e+00 1.000000000000000000e+00
-2.304433026778335281e-01 3.939288124012494952e-01 -8.897842294686242326e-01 2.163699999999999957e+00
9.730857537989767714e-01 9.328708813923902721e-02 -2.107169545622249451e-01 -1.430000000000000021e-02
-2.099824160717300714e-06 -9.143946685904520422e-01 -4.048239000466102855e-01 1.889999999999999902e+00
0.000000000000000000e+00 0.000000000000000000e+00 0.000000000000000000e+00 1.000000000000000000e+00
-2.528151856344923454e-01 3.913271091248466949e-01 -8.848432491557968183e-01 2.129599999999999937e+00
9.675145863822989245e-01 1.021758701551511717e-01 -2.312479550083127999e-01 4.070000000000000007e-02
-8.396479103089937723e-05 -9.145617448931635529e-01 -4.044462977057471376e-01 1.889999999999999902e+00
0.000000000000000000e+00 0.000000000000000000e+00 0.000000000000000000e+00 1.000000000000000000e+00
-2.758003749668782589e-01 3.885603749128727080e-01 -8.791785872140527314e-01 2.094199999999999839e+00
9.612149354889054642e-01 1.114597120626815707e-01 -2.522748112276843035e-01 9.719999999999999474e-02
-3.100304914988027960e-05 -9.146570765234762757e-01 -4.042306660860094381e-01 1.889999999999999902e+00
0.000000000000000000e+00 0.000000000000000000e+00 0.000000000000000000e+00 1.000000000000000000e+00
-2.995280116540234294e-01 3.852620787658648238e-01 -8.728436864064447187e-01 2.057500000000000107e+00
9.540875062823189756e-01 1.209265934638282802e-01 -2.740324603933267933e-01 1.549000000000000099e-01
-2.430171691636395792e-05 -9.148496541280641825e-01 -4.037946380911809907e-01 1.889999999999999902e+00
0.000000000000000000e+00 0.000000000000000000e+00 0.000000000000000000e+00 1.000000000000000000e+00
-3.239878882561357809e-01 3.816217810091211970e-01 -8.656769978015796951e-01 2.019400000000000084e+00
9.460612240199572920e-01 1.306000428879088293e-01 -2.964992229391786305e-01 2.137000000000000011e-01
-9.310848590743381337e-05 -9.150455972557339779e-01 -4.033504013555795353e-01 1.889999999999999902e+00
0.000000000000000000e+00 0.000000000000000000e+00 0.000000000000000000e+00 1.000000000000000000e+00
-3.487900268975799856e-01 3.775868313397195974e-01 -8.577725234207583815e-01 1.979999999999999982e+00
9.372008936966894632e-01 1.405668301633292705e-01 -3.192106688567286077e-01 2.735000000000000209e-01
4.461963501145582711e-05 -9.152426733149321425e-01 -4.029030242532616879e-01 1.889999999999999902e+00
0.000000000000000000e+00 0.000000000000000000e+00 0.000000000000000000e+00 1.000000000000000000e+00
-3.740657970011959099e-01 3.734341818722948791e-01 -8.488943935044160893e-01 1.939400000000000013e+00
9.274021628845383614e-01 1.505368058547785770e-01 -3.424381672070468952e-01 3.341999999999999971e-01
-8.826630662750467593e-05 -9.153609025364863871e-01 -4.026343382234660040e-01 1.889999999999999902e+00
0.000000000000000000e+00 0.000000000000000000e+00 0.000000000000000000e+00 1.000000000000000000e+00
-3.998006941754571608e-01 3.686483768165056962e-01 -8.392006787457803041e-01 1.897499999999999964e+00
9.166020971860640021e-01 1.607766817285180005e-01 -3.660484312853645728e-01 3.955000000000000182e-01
-1.925959651138953177e-05 -9.155595190280764184e-01 -4.021825042765354019e-01 1.889999999999999902e+00
0.000000000000000000e+00 0.000000000000000000e+00 0.000000000000000000e+00 1.000000000000000000e+00
-4.258512715379926261e-01 3.635948605811097911e-01 -8.285224631164074260e-01 1.854500000000000037e+00
9.047931739066165102e-01 1.710455218583815107e-01 -3.899906946379431139e-01 4.573999999999999733e-01
-8.355516967567533371e-05 -9.157195022555747466e-01 -4.018181008955871159e-01 1.889999999999999902e+00
0.000000000000000000e+00 0.000000000000000000e+00 0.000000000000000000e+00 1.000000000000000000e+00
-4.520612438631503860e-01 3.578832110401160560e-01 -8.170435967881497508e-01 1.810400000000000009e+00
8.919869003875930957e-01 1.814136310872530577e-01 -4.140633574619612678e-01 5.197000000000000508e-01
3.652170738976945330e-05 -9.159741817929987207e-01 -4.012372078394665365e-01 1.889999999999999902e+00
0.000000000000000000e+00 0.000000000000000000e+00 0.000000000000000000e+00 1.000000000000000000e+00
-4.784594581192960216e-01 3.520206837950177747e-01 -8.044613011927161939e-01 1.765099999999999891e+00
8.781096439400175591e-01 1.917940366202677271e-01 -4.383360591332171596e-01 5.823000000000000398e-01
-1.247900754453024064e-05 -9.161312600808858564e-01 -4.008784281386100212e-01 1.889999999999999902e+00
0.000000000000000000e+00 0.000000000000000000e+00 0.000000000000000000e+00 1.000000000000000000e+00
-5.050164126617346927e-01 3.455824784524130222e-01 -7.909052873315232102e-01 1.718800000000000106e+00
8.631097396778677489e-01 2.021890895181968073e-01 -4.627754848228299300e-01 6.450000000000000178e-01
-1.467907140195734428e-05 -9.163472718715811594e-01 -4.003844116821171362e-01 1.889999999999999902e+00
0.000000000000000000e+00 0.000000000000000000e+00 0.000000000000000000e+00 1.000000000000000000e+00
-5.315189125156014605e-01 3.387565088647209177e-01 -7.763579543870328115e-01 1.671399999999999997e+00
8.470464244312438939e-01 2.125927318332332394e-01 -4.871516039488402172e-01 7.076999999999999957e-01
2.228176204177589881e-05 -9.165415201034097237e-01 -3.999395472193942314e-01 1.889999999999999902e+00
0.000000000000000000e+00 0.000000000000000000e+00 0.000000000000000000e+00 1.000000000000000000e+00
-5.579140368710553410e-01 3.315965573948361778e-01 -7.607730611595917569e-01 1.622999999999999998e+00
8.298987448481173201e-01 2.228911343367014908e-01 -5.114563671845507864e-01 7.702999999999999847e-01
-2.760004140001104389e-05 -9.167132950699427019e-01 -3.995456593184890104e-01 1.889999999999999902e+00
0.000000000000000000e+00 0.000000000000000000e+00 0.000000000000000000e+00 1.000000000000000000e+00
-5.843278617922543772e-01 3.238213628407911049e-01 -7.441106603867631009e-01 1.573600000000000110e+00
8.115176827860817177e-01 2.331411970232879494e-01 -5.358024195317308003e-01 8.326000000000000068e-01
-2.141962579915723808e-05 -9.169432410015796453e-01 -3.990176591614943424e-01 1.889999999999999902e+00
0.000000000000000000e+00 0.000000000000000000e+00 0.000000000000000000e+00 1.000000000000000000e+00
-6.102898624756607493e-01 3.156093527447285663e-01 -7.265927471558555339e-01 1.523300000000000098e+00
7.921781889374504004e-01 2.431750750920248505e-01 -5.597495867133529535e-01 8.944999999999999618e-01
2.704108921508519003e-05 -9.172004248331123710e-01 -3.984261286044600836e-01 1.889999999999999902e+00
0.000000000000000000e+00 0.000000000000000000e+00 0.000000000000000000e+00 1.000000000000000000e+00
-6.361508523174894680e-01 3.071087039158797438e-01 -7.078109472697067250e-01 1.472099999999999964e+00
7.715647043232509716e-01 2.532234188374228312e-01 -5.835801634693050799e-01 9.557999999999999829e-01
1.176032411459582150e-05 -9.173669626334900462e-01 -3.980425300521282517e-01 1.889999999999999902e+00
0.000000000000000000e+00 0.000000000000000000e+00 0.000000000000000000e+00 1.000000000000000000e+00
-6.616236445246699294e-01 2.979541764501535406e-01 -6.880969857089938024e-01 1.419999999999999929e+00
7.498360810298824175e-01 2.629850894988673415e-01 -6.071117642469298081e-01 1.016499999999999959e+00
6.776164118699190553e-05 -9.176394452273631819e-01 -3.974139453657569154e-01 1.889999999999999902e+00
0.000000000000000000e+00 0.000000000000000000e+00 0.000000000000000000e+00 1.000000000000000000e+00
-6.865263357005237932e-01 2.886236722019310807e-01 -6.673664407462250869e-01 1.367099999999999982e+00
7.271049367458193302e-01 2.724696595393465426e-01 -6.301418059376564518e-01 1.076300000000000034e+00
-3.673513957369589633e-05 -9.178543786871560251e-01 -3.969172938728475764e-01 1.889999999999999902e+00
0.000000000000000000e+00 0.000000000000000000e+00 0.000000000000000000e+00 1.000000000000000000e+00
-7.110676860913065500e-01 2.787615073419170697e-01 -6.455034994647338431e-01 1.313399999999999901e+00
7.031235634478718577e-01 2.819344444333115041e-01 -6.527865068814203697e-01 1.135099999999999998e+00
1.791987061861011199e-05 -9.180441117215133451e-01 -3.964782574269815063e-01 1.889999999999999902e+00
0.000000000000000000e+00 0.000000000000000000e+00 0.000000000000000000e+00 1.000000000000000000e+00
-7.348603087736229611e-01 2.685178523540320272e-01 -6.227989158278253168e-01 1.258899999999999908e+00
6.782184932773008823e-01 2.908832457033257990e-01 -6.748382122744435163e-01 1.192800000000000082e+00
-4.433738985787361031e-05 -9.183055593517212012e-01 -3.958723249962273760e-01 1.889999999999999902e+00
0.000000000000000000e+00 0.000000000000000000e+00 0.000000000000000000e+00 1.000000000000000000e+00
-7.579191406385029639e-01 2.578997062197869727e-01 -5.992047377862926849e-01 1.203699999999999992e+00
6.523485082561178983e-01 2.996437276561054741e-01 -6.961717175039292549e-01 1.249300000000000077e+00
5.459836696308784099e-06 -9.185321867022955278e-01 -3.953462051950028533e-01 1.889999999999999902e+00
0.000000000000000000e+00 0.000000000000000000e+00 0.000000000000000000e+00 1.000000000000000000e+00
-7.802967071145093803e-01 2.469543017715598032e-01 -5.745873490625899027e-01 1.147799999999999931e+00
6.254095029340729361e-01 3.080407865232336340e-01 -7.169196799348606097e-01 1.304300000000000015e+00
-5.006005306362748541e-05 -9.187624538882009917e-01 -3.948107784994252523e-01 1.889999999999999902e+00
0.000000000000000000e+00 0.000000000000000000e+00 0.000000000000000000e+00 1.000000000000000000e+00
-8.018798202344111781e-01 2.355739073202018641e-01 -5.490844088942252732e-01 1.091199999999999948e+00
5.974853565191873273e-01 3.160825399017731518e-01 -7.369552745685338246e-01 1.357799999999999896e+00
-5.143896659115521075e-05 -9.190194568991106872e-01 -3.942121702774992187e-01 1.889999999999999902e+00
0.000000000000000000e+00 0.000000000000000000e+00 0.000000000000000000e+00 1.000000000000000000e+00
-8.226045997685231814e-01 2.238212242038131461e-01 -5.227099884597339319e-01 1.034100000000000019e+00
5.686138139615252163e-01 3.238873410100913119e-01 -7.561582644562853117e-01 1.409699999999999953e+00
5.487983920215988576e-05 -9.192393866285973880e-01 -3.936990564617646182e-01 1.889999999999999902e+00
0.000000000000000000e+00 0.000000000000000000e+00 0.000000000000000000e+00 1.000000000000000000e+00
-8.422491220851229254e-01 2.119289903299413913e-01 -4.956838906042552728e-01 9.762999999999999456e-01
5.390885045276093690e-01 3.310659936507609480e-01 -7.744539315764494836e-01 1.459699999999999998e+00
-2.515999647761946179e-05 -9.195006312699115503e-01 -3.930885249676066007e-01 1.889999999999999902e+00
0.000000000000000000e+00 0.000000000000000000e+00 0.000000000000000000e+00 1.000000000000000000e+00
-8.611305946134708567e-01 1.996498599222702175e-01 -4.675404072950991585e-01 9.180000000000000382e-01
5.083838100896501677e-01 3.381322995367257445e-01 -7.919674549176474176e-01 1.507800000000000029e+00
-2.567839227587964679e-05 -9.196773789993006876e-01 -3.926748246292302014e-01 1.889999999999999902e+00
0.000000000000000000e+00 0.000000000000000000e+00 0.000000000000000000e+00 1.000000000000000000e+00
-8.787822873984876271e-01 1.871799387567392170e-01 -4.389821885699982107e-01 8.590999999999999748e-01
4.772228934465471140e-01 3.446124022053493885e-01 -8.083938410309446931e-01 1.553800000000000070e+00
-3.640312702868353512e-05 -9.198945389408951234e-01 -3.921658270445429473e-01 1.889999999999999902e+00
0.000000000000000000e+00 0.000000000000000000e+00 0.000000000000000000e+00 1.000000000000000000e+00
-8.953312134191220295e-01 1.743566785213171710e-01 -4.098557879699364914e-01 7.997999999999999554e-01
4.454009583346721923e-01 3.506263881566344942e-01 -8.238198360338194748e-01 1.597599999999999909e+00
6.776429015722951199e-05 -9.201417741757232927e-01 -3.915853812704881420e-01 1.889999999999999902e+00
0.000000000000000000e+00 0.000000000000000000e+00 0.000000000000000000e+00 1.000000000000000000e+00
-9.108408243659955605e-01 1.614192191266266563e-01 -3.798852831643043659e-01 7.399999999999999911e-01
4.127577878585466098e-01 3.561287866535912672e-01 -8.383336423398263237e-01 1.639000000000000012e+00
-3.507695321580683867e-05 -9.203891150014710254e-01 -3.910036774205792875e-01 1.889999999999999902e+00
0.000000000000000000e+00 0.000000000000000000e+00 0.000000000000000000e+00 1.000000000000000000e+00
-9.251430441312922248e-01 1.482190500967772162e-01 -3.494874262171596691e-01 6.797999999999999599e-01
3.796186874667140665e-01 3.612258825569892862e-01 -8.517074109675065730e-01 1.677799999999999958e+00
4.640563874946934675e-06 -9.206231449183389648e-01 -3.904523338630877527e-01 1.889999999999999902e+00
0.000000000000000000e+00 0.000000000000000000e+00 0.000000000000000000e+00 1.000000000000000000e+00
-9.382115564103385985e-01 1.348648085637793037e-01 -3.187013630801495134e-01 6.191999999999999726e-01
3.460622375153631358e-01 3.657830011221995248e-01 -8.639697470721399153e-01 1.714099999999999957e+00
5.642650541184957014e-05 -9.208769078987115719e-01 -3.898534562049659202e-01 1.889999999999999902e+00
0.000000000000000000e+00 0.000000000000000000e+00 0.000000000000000000e+00 1.000000000000000000e+00
-9.500663686897466986e-01 1.215195338873327896e-01 -2.874141575644516000e-01 5.583000000000000185e-01
3.120479047396547134e-01 3.699354585567747877e-01 -8.750850596656190028e-01 1.747500000000000053e+00
-1.524038802031002504e-05 -9.210758705916652911e-01 -3.893831536950931316e-01 1.889999999999999902e+00
0.000000000000000000e+00 0.000000000000000000e+00 0.000000000000000000e+00 1.000000000000000000e+00
-9.606540616759976503e-01 1.080440915258802648e-01 -2.558715460377656292e-01 4.969999999999999973e-01
2.777476594130378063e-01 3.733399289051919645e-01 -8.851404042159899399e-01 1.778000000000000025e+00
-1.071260397661200070e-04 -9.213814474860094750e-01 -3.886595126233215458e-01 1.889999999999999902e+00
0.000000000000000000e+00 0.000000000000000000e+00 0.000000000000000000e+00 1.000000000000000000e+00
-9.700217248778084667e-01 9.435777053879661203e-02 -2.239519243141909755e-01 4.354999999999999982e-01
2.430182144251100129e-01 3.765327314244752976e-01 -8.939604295625479535e-01 1.805500000000000105e+00
-2.688331363724649758e-05 -9.215854346206714398e-01 -3.881755865227947133e-01 1.889999999999999902e+00
0.000000000000000000e+00 0.000000000000000000e+00 0.000000000000000000e+00 1.000000000000000000e+00
-9.780307807734386349e-01 8.079883532014024705e-02 -1.921648773074995376e-01 3.736999999999999766e-01
2.084605279548984447e-01 3.791356963349687970e-01 -9.015543977206050830e-01 1.829700000000000104e+00
1.201925552730964686e-05 -9.218067432903205294e-01 -3.876497489745486247e-01 1.889999999999999902e+00
0.000000000000000000e+00 0.000000000000000000e+00 0.000000000000000000e+00 1.000000000000000000e+00
-9.848405333811214302e-01 6.712955485871097139e-02 -1.599460742689840509e-01 3.118000000000000216e-01
1.734621681355971445e-01 3.811631353366442543e-01 -9.080889496552838613e-01 1.850600000000000023e+00
5.940190680134294077e-06 -9.220673983634873894e-01 -3.870293436419309785e-01 1.889999999999999902e+00
0.000000000000000000e+00 0.000000000000000000e+00 0.000000000000000000e+00 1.000000000000000000e+00
-9.903688919008514224e-01 5.358707425050526774e-02 -1.276631639446145772e-01 2.495999999999999885e-01
1.384537891367144669e-01 3.827860753265492910e-01 -9.134031797677205633e-01 1.868000000000000105e+00
-7.892252473155891845e-05 -9.222815437865855559e-01 -3.865187547349641095e-01 1.889999999999999902e+00
0.000000000000000000e+00 0.000000000000000000e+00 0.000000000000000000e+00 1.000000000000000000e+00
-9.946201463482275962e-01 4.005911273024698183e-02 -9.553026727428461096e-02 1.872999999999999943e-01
1.035893577645578267e-01 3.837651271571502765e-01 -9.176020772295490069e-01 1.881799999999999917e+00
-9.713988537493611908e-05 -9.225614313775110098e-01 -3.858502246967348004e-01 1.889999999999999902e+00
0.000000000000000000e+00 0.000000000000000000e+00 0.000000000000000000e+00 1.000000000000000000e+00
-9.976229898739363833e-01 2.658263324201759481e-02 -6.357463082792730313e-02 1.250000000000000000e-01
6.890841354984170164e-02 3.845179980466711944e-01 -9.205419815088410340e-01 1.891799999999999926e+00
-2.484010581885881530e-05 -9.227346708496976246e-01 -3.854357619563458792e-01 1.889999999999999902e+00
0.000000000000000000e+00 0.000000000000000000e+00 0.000000000000000000e+00 1.000000000000000000e+00
-9.994105135097537396e-01 1.325984599090436131e-02 -3.166704865420567894e-02 6.250000000000000000e-02
3.433107798516861486e-02 3.846437449276316478e-01 -9.224264559152796084e-01 1.897899999999999920e+00
-5.070055821314659039e-05 -9.229698618981795333e-01 -3.848722274432241353e-01 1.889999999999999902e+00
0.000000000000000000e+00 0.000000000000000000e+00 0.000000000000000000e+00 1.000000000000000000e+00
-1.000000000000000000e+00 0.000000000000000000e+00 0.000000000000000000e+00 0.000000000000000000e+00
0.000000000000000000e+00 3.844105655383078801e-01 -9.231622376930928020e-01 1.899999999999999911e+00
0.000000000000000000e+00 -9.231622376930928020e-01 -3.844105655383078801e-01 1.889999999999999902e+00
0.000000000000000000e+00 0.000000000000000000e+00 0.000000000000000000e+00 1.000000000000000000e+00
-9.994256812842516879e-01 -1.301945749890509076e-02 3.128580054823168477e-02 -6.250000000000000000e-02
-3.388668415948505042e-02 3.835752247021725347e-01 -9.228877177811790622e-01 1.899000000000000021e+00
1.503944263825732208e-05 -9.234178581341775383e-01 -3.837961165159219368e-01 1.889999999999999902e+00
0.000000000000000000e+00 0.000000000000000000e+00 0.000000000000000000e+00 1.000000000000000000e+00
-9.977140405636450993e-01 -2.584385086161051018e-02 6.244028054714913234e-02 -1.250000000000000000e-01
-6.757728467276545581e-02 3.824087556856123893e-01 -9.215187758104751437e-01 1.895899999999999919e+00
-6.211618047606212722e-05 -9.236317658827156718e-01 -3.832810420487244851e-01 1.889999999999999902e+00
0.000000000000000000e+00 0.000000000000000000e+00 0.000000000000000000e+00 1.000000000000000000e+00
-9.949208703069257753e-01 -3.851243524890127223e-02 9.300136643570477979e-02 -1.872999999999999943e-01
-1.006601302628839234e-01 3.806717716558998266e-01 -9.192151763541643872e-01 1.890900000000000025e+00
-1.779968352162708545e-06 -9.239078929176639532e-01 -3.826149571060627474e-01 1.889999999999999902e+00
0.000000000000000000e+00 0.000000000000000000e+00 0.000000000000000000e+00 1.000000000000000000e+00
-9.910492484144775016e-01 -5.096904206397227105e-02 1.233837265127774030e-01 -2.495999999999999885e-01
-1.334967637528801931e-01 3.786305526081062967e-01 -9.158698153663474839e-01 1.883999999999999897e+00
-3.584140785050510258e-05 -9.241434203535513481e-01 -3.820457267561471193e-01 1.889999999999999902e+00
0.000000000000000000e+00 0.000000000000000000e+00 0.000000000000000000e+00 1.000000000000000000e+00
-9.861817342196054215e-01 -6.327114755404894542e-02 1.531089448033856049e-01 -3.118000000000000216e-01
-1.656670919427915833e-01 3.764073298957585356e-01 -9.115217697060036262e-01 1.875099999999999989e+00
4.169929319697285308e-05 -9.242912332635964123e-01 -3.816879803887323064e-01 1.889999999999999902e+00
0.000000000000000000e+00 0.000000000000000000e+00 0.000000000000000000e+00 1.000000000000000000e+00
-9.802930091092396658e-01 -7.533367070703425594e-02 1.826210676492604490e-01 -3.738000000000000211e-01
-1.975490188970439875e-01 3.736499406012613322e-01 -9.062891961297391274e-01 1.864300000000000068e+00
3.774078689540438791e-05 -9.245055759412582619e-01 -3.811685173635871449e-01 1.889999999999999902e+00
0.000000000000000000e+00 0.000000000000000000e+00 0.000000000000000000e+00 1.000000000000000000e+00
-9.734647427216770454e-01 -8.709561735844197072e-02 2.116146216941793279e-01 -4.354999999999999982e-01
-2.288370482936862293e-01 3.704917470805753066e-01 -9.002052380837471945e-01 1.851699999999999902e+00
2.460060935682850669e-06 -9.247433258921821109e-01 -3.805913572479192597e-01 1.889999999999999902e+00
0.000000000000000000e+00 0.000000000000000000e+00 0.000000000000000000e+00 1.000000000000000000e+00
-9.657393323418864695e-01 -9.854864518900682824e-02 2.400743770152462819e-01 -4.969999999999999973e-01
-2.595140423666782992e-01 3.669519788945118099e-01 -8.933077336505643729e-01 1.837299999999999933e+00
-6.150083948644469167e-05 -9.250050863194283490e-01 -3.799547163818786100e-01 1.889999999999999902e+00
0.000000000000000000e+00 0.000000000000000000e+00 0.000000000000000000e+00 1.000000000000000000e+00
-9.571447957478638191e-01 -1.099939196427497101e-01 2.679088979754211675e-01 -5.583000000000000185e-01
-2.896097946958730018e-01 3.632607729902265215e-01 -8.855324825339597750e-01 1.820999999999999952e+00
8.239535537382658426e-05 -9.251718480629248509e-01 -3.795484748524723395e-01 1.889999999999999902e+00
0.000000000000000000e+00 0.000000000000000000e+00 0.000000000000000000e+00 1.000000000000000000e+00
-9.476975252567491070e-01 -1.210106227147101227e-01 2.953401933574767435e-01 -6.191999999999999726e-01
-3.191698603682204816e-01 3.592269428466104975e-01 -8.769758284956369332e-01 1.803099999999999925e+00
2.923635247270572890e-05 -9.253715106503314081e-01 -3.790614282962057047e-01 1.889999999999999902e+00
0.000000000000000000e+00 0.000000000000000000e+00 0.000000000000000000e+00 1.000000000000000000e+00
-9.373915971376552969e-01 -1.318911467697975182e-01 3.223378957235144560e-01 -6.797999999999999599e-01
-3.482771761794296039e-01 3.548626297526570328e-01 -8.676263726728867809e-01 1.783400000000000096e+00
4.656391416260619032e-05 -9.255686032967931354e-01 -3.785799234283635517e-01 1.889999999999999902e+00
0.000000000000000000e+00 0.000000000000000000e+00 0.000000000000000000e+00 1.000000000000000000e+00
-9.263563011525047797e-01 -1.424271382288432863e-01 3.486811058990597623e-01 -7.399999999999999911e-01
-3.766483807745927836e-01 3.502366820992405261e-01 -8.575956295201092594e-01 1.762000000000000011e+00
2.397762933178948508e-05 -9.257692891903777088e-01 -3.780889083496314917e-01 1.889999999999999902e+00
0.000000000000000000e+00 0.000000000000000000e+00 0.000000000000000000e+00 1.000000000000000000e+00
-9.145828766012413791e-01 -1.526624615012474040e-01 3.744760802456944537e-01 -7.997999999999999554e-01
-4.043985168108445993e-01 3.453461649074991424e-01 -8.468753544559388668e-01 1.739000000000000101e+00
-3.780196645830624647e-05 -9.259752692335057045e-01 -3.775841619281035122e-01 1.889999999999999902e+00
0.000000000000000000e+00 0.000000000000000000e+00 0.000000000000000000e+00 1.000000000000000000e+00
-9.020696956311956560e-01 -1.627339417096470842e-01 3.997348226505716418e-01 -8.590999999999999748e-01
-4.315903873420849912e-01 3.402216812475575836e-01 -8.354513421875596757e-01 1.714299999999999935e+00
-4.216339457485673847e-05 -9.261570449036854447e-01 -3.771380733862882417e-01 1.889999999999999902e+00
0.000000000000000000e+00 0.000000000000000000e+00 0.000000000000000000e+00 1.000000000000000000e+00
-8.889681648802300051e-01 -1.725964250359252050e-01 4.242005137836285522e-01 -9.180000000000000382e-01
-4.579689925711827314e-01 3.349060568168575891e-01 -8.234696927942883882e-01 1.688099999999999934e+00
6.060373076566261119e-05 -9.263090235834918751e-01 -3.767646336308462240e-01 1.889999999999999902e+00
0.000000000000000000e+00 0.000000000000000000e+00 0.000000000000000000e+00 1.000000000000000000e+00
-8.751364686215616917e-01 -1.821183441966579553e-01 4.482957394350852720e-01 -9.762999999999999456e-01
-4.838761682392986874e-01 3.291432057500925934e-01 -8.108813747513294867e-01 1.660300000000000109e+00
1.228765078496452112e-04 -9.265514874067277695e-01 -3.761679493068806890e-01 1.889999999999999902e+00
0.000000000000000000e+00 0.000000000000000000e+00 0.000000000000000000e+00 1.000000000000000000e+00
-8.607200240290261428e-01 -1.913613379586955598e-01 4.717434457097743339e-01 -1.034100000000000019e+00
-5.090786108850295921e-01 3.233778492545796857e-01 -7.976626696485494827e-01 1.631000000000000005e+00
9.041483008001560684e-05 -9.267187302230058821e-01 -3.757557542859699673e-01 1.889999999999999902e+00
0.000000000000000000e+00 0.000000000000000000e+00 0.000000000000000000e+00 1.000000000000000000e+00
-8.457433074959224140e-01 -2.002685511985849431e-01 4.945814040445486448e-01 -1.091199999999999948e+00
-5.335899707017781601e-01 3.173721344180050474e-01 -7.839366501583114877e-01 1.600200000000000067e+00
3.150131360479813125e-05 -9.269128522659394465e-01 -3.752766490362647867e-01 1.889999999999999902e+00
0.000000000000000000e+00 0.000000000000000000e+00 0.000000000000000000e+00 1.000000000000000000e+00
-8.301734282995967273e-01 -2.090036256896787015e-01 5.168457829893386979e-01 -1.147799999999999931e+00
-5.575052272388019148e-01 3.111855659823975495e-01 -7.696437261003473695e-01 1.567900000000000071e+00
2.338173913379870683e-05 -9.270819963588891044e-01 -3.748586019828153981e-01 1.889999999999999902e+00
0.000000000000000000e+00 0.000000000000000000e+00 0.000000000000000000e+00 1.000000000000000000e+00
-8.141462358446495129e-01 -2.173610610836873569e-01 5.384422678287436037e-01 -1.203699999999999992e+00
-5.806598889279861453e-01 3.047517623575218826e-01 -7.549572549026349888e-01 1.534299999999999997e+00
7.079949873922686265e-06 -9.272974347341617074e-01 -3.743253497765237636e-01 1.889999999999999902e+00
0.000000000000000000e+00 0.000000000000000000e+00 0.000000000000000000e+00 1.000000000000000000e+00
-7.975621850155338866e-01 -2.256023181922728882e-01 5.594623803791632932e-01 -1.258899999999999908e+00
-6.032367370220992342e-01 2.982955898542349882e-01 -7.396791062213698975e-01 1.499200000000000088e+00
-1.183967452733636350e-05 -9.274283449947959834e-01 -3.740008887155692463e-01 1.889999999999999902e+00
0.000000000000000000e+00 0.000000000000000000e+00 0.000000000000000000e+00 1.000000000000000000e+00
-7.805832444838403106e-01 -2.334665304160024046e-01 5.798130540153386692e-01 -1.313399999999999901e+00
-6.250518353975137442e-01 2.916173425917176765e-01 -7.240645886700602940e-01 1.462800000000000100e+00
-3.869469805239944549e-05 -9.276058994396585433e-01 -3.735602947684109054e-01 1.889999999999999902e+00
0.000000000000000000e+00 0.000000000000000000e+00 0.000000000000000000e+00 1.000000000000000000e+00
-7.631586616137174817e-01 -2.410602896735338507e-01 5.995655042999650242e-01 -1.367099999999999982e+00
-6.462111392130519549e-01 2.848928370412313615e-01 -7.079881601831826687e-01 1.425000000000000044e+00
-1.440865328833917935e-04 -9.277532043302844089e-01 -3.731942806286837611e-01 1.889999999999999902e+00
0.000000000000000000e+00 0.000000000000000000e+00 0.000000000000000000e+00 1.000000000000000000e+00
-7.453640791754622130e-01 -2.485351514543790163e-01 6.185973391200967342e-01 -1.419999999999999929e+00
-6.666576253486232728e-01 2.778687877118726224e-01 -6.916332462946449544e-01 1.385999999999999899e+00
6.280915631873273952e-06 -9.279112108963244454e-01 -3.728012669686987524e-01 1.889999999999999902e+00
0.000000000000000000e+00 0.000000000000000000e+00 0.000000000000000000e+00 1.000000000000000000e+00
-7.271291549794093312e-01 -2.556779767646143453e-01 6.371122068964640839e-01 -1.472099999999999964e+00
-6.865006830940074689e-01 2.707230439101347974e-01 -6.748524621037489402e-01 1.345699999999999896e+00
6.395616199067477581e-05 -9.280828657472263155e-01 -3.723737238528317395e-01 1.889999999999999902e+00
0.000000000000000000e+00 0.000000000000000000e+00 0.000000000000000000e+00 1.000000000000000000e+00
-7.085130500656584562e-01 -2.625586767753560480e-01 6.550360288843908307e-01 -1.523300000000000098e+00
-7.056977089099915057e-01 2.635547602550782909e-01 -6.576698502942625035e-01 1.304200000000000026e+00
3.906209724396925154e-05 -9.282250964054262754e-01 -3.720190437024561980e-01 1.889999999999999902e+00
0.000000000000000000e+00 0.000000000000000000e+00 0.000000000000000000e+00 1.000000000000000000e+00
-6.896866684754389132e-01 -2.690903729537969524e-01 6.722519397598174518e-01 -1.573600000000000110e+00
-7.241079328805644089e-01 2.563366114023268860e-01 -6.402805972339071783e-01 1.261500000000000066e+00
-2.943954192075048937e-05 -9.283759544701486455e-01 -3.716424172439877216e-01 1.889999999999999902e+00
0.000000000000000000e+00 0.000000000000000000e+00 0.000000000000000000e+00 1.000000000000000000e+00
-6.703292868058426945e-01 -2.755658770865463403e-01 6.890007943652121103e-01 -1.622999999999999998e+00
-7.420637705212056456e-01 2.488172148496647917e-01 -6.224398397229307101e-01 1.217600000000000016e+00
8.792168370019837198e-05 -9.285221811997701469e-01 -3.712769199530171482e-01 1.889999999999999902e+00
0.000000000000000000e+00 0.000000000000000000e+00 0.000000000000000000e+00 1.000000000000000000e+00
-6.509274676230544232e-01 -2.815620530492620177e-01 7.049937887503132661e-01 -1.671399999999999997e+00
-7.591399266609555330e-01 2.413526334888699276e-01 -6.045291374757597591e-01 1.172600000000000087e+00
6.035756759004140548e-05 -9.286935536497877841e-01 -3.708480548233905605e-01 1.889999999999999902e+00
0.000000000000000000e+00 0.000000000000000000e+00 0.000000000000000000e+00 1.000000000000000000e+00
-6.311600042393595844e-01 -2.874745347919988037e-01 7.204133819514290105e-01 -1.718800000000000106e+00
-7.756526600530712079e-01 2.339235602043349127e-01 -5.862104732380033489e-01 1.126600000000000046e+00
-1.080040631151746311e-06 -9.287831608225101121e-01 -3.706235828591870618e-01 1.889999999999999902e+00
0.000000000000000000e+00 0.000000000000000000e+00 0.000000000000000000e+00 1.000000000000000000e+00
-6.110745840384119720e-01 -2.929575664960345494e-01 7.353663828153986781e-01 -1.765099999999999891e+00
-7.915730235122081515e-01 2.261964021730527019e-01 -5.676683328244651605e-01 1.079399999999999915e+00
-3.449671073857407677e-05 -9.289838813869097933e-01 -3.701201790409283099e-01 1.889999999999999902e+00
0.000000000000000000e+00 0.000000000000000000e+00 0.000000000000000000e+00 1.000000000000000000e+00
-5.908512807347132689e-01 -2.983496091389548632e-01 7.495880700630057625e-01 -1.810400000000000009e+00
-8.067804910181848310e-01 2.185652218658412638e-01 -5.489394166055049373e-01 1.031300000000000106e+00
-5.802245609048961583e-05 -9.290945885739342325e-01 -3.698421854197088132e-01 1.889999999999999902e+00
0.000000000000000000e+00 0.000000000000000000e+00 0.000000000000000000e+00 1.000000000000000000e+00
-5.704523297298711437e-01 -3.035386305534527596e-01 7.631830968172033103e-01 -1.854500000000000037e+00
-8.213307121899596774e-01 2.108520199614116741e-01 -5.300540414823058377e-01 9.820999999999999730e-01
-2.681969345080803535e-05 -9.291962792865278153e-01 -3.695866256248689918e-01 1.889999999999999902e+00
0.000000000000000000e+00 0.000000000000000000e+00 0.000000000000000000e+00 1.000000000000000000e+00
-5.496901498692123855e-01 -3.083431047428500937e-01 7.763795907249899653e-01 -1.897499999999999964e+00
-8.353686244865373700e-01 2.028751413761910039e-01 -5.108825092279646318e-01 9.320000000000000506e-01
1.897982424686750491e-05 -9.293902338464347102e-01 -3.690986221467588146e-01 1.889999999999999902e+00
0.000000000000000000e+00 0.000000000000000000e+00 0.000000000000000000e+00 1.000000000000000000e+00
-5.290201407360063390e-01 -3.130572772562560946e-01 7.887539742229863204e-01 -1.939400000000000013e+00
-8.486092678056622596e-01 1.951195063371837790e-01 -4.917221663104798246e-01 8.809000000000000163e-01
3.591647982575940645e-05 -9.294748621687587420e-01 -3.688854555365029819e-01 1.889999999999999902e+00
0.000000000000000000e+00 0.000000000000000000e+00 0.000000000000000000e+00 1.000000000000000000e+00
-5.080945485246242121e-01 -3.173572092690492008e-01 8.007023988252565116e-01 -1.979999999999999982e+00
-8.613012935398672854e-01 1.873295514827544306e-01 -4.723004561588122763e-01 8.289999999999999591e-01
-1.072665400410066638e-04 -9.296192988886535780e-01 -3.685212987435842469e-01 1.889999999999999902e+00
0.000000000000000000e+00 0.000000000000000000e+00 0.000000000000000000e+00 1.000000000000000000e+00
-4.870337011635905711e-01 -3.216956516421555778e-01 8.119791140450736133e-01 -2.019400000000000084e+00
-8.733831759061110311e-01 1.793431689166719023e-01 -4.528110597225741829e-01 7.762000000000000011e-01
4.444152123328493076e-05 -9.297031437386099606e-01 -3.683097372423059235e-01 1.889999999999999902e+00
0.000000000000000000e+00 0.000000000000000000e+00 0.000000000000000000e+00 1.000000000000000000e+00
-4.659400965073750012e-01 -3.256107082185271118e-01 8.227256487797902640e-01 -2.057500000000000107e+00
-8.848162670199828383e-01 1.714554680145149446e-01 -4.332472690101414337e-01 7.226000000000000201e-01
9.138937050290341091e-06 -9.298283116690697625e-01 -3.679936286610504537e-01 1.889999999999999902e+00
0.000000000000000000e+00 0.000000000000000000e+00 0.000000000000000000e+00 1.000000000000000000e+00
-4.445337957175877763e-01 -3.294372806915914498e-01 8.329830625861748272e-01 -2.094199999999999839e+00
-8.957620798154872777e-01 1.635175134856877710e-01 -4.133670513576162553e-01 6.681000000000000272e-01
-2.880184302989086120e-05 -9.299102649578545599e-01 -3.677864846571532453e-01 1.889999999999999902e+00
0.000000000000000000e+00 0.000000000000000000e+00 0.000000000000000000e+00 1.000000000000000000e+00
-4.232632548716467324e-01 -3.328751515861645971e-01 8.426401073601630376e-01 -2.129599999999999937e+00
-9.060067420033457442e-01 1.555341930092500879e-01 -3.936507312954520277e-01 6.129999999999999893e-01
-2.280224351275395023e-05 -9.300555081614478858e-01 -3.674190403593811105e-01 1.889999999999999902e+00
0.000000000000000000e+00 0.000000000000000000e+00 0.000000000000000000e+00 1.000000000000000000e+00
-4.017889674424323099e-01 -3.363312792299724130e-01 8.517317043841174939e-01 -2.163699999999999957e+00
-9.157322883898115773e-01 1.475283884017867253e-01 -3.737241638105970876e-01 5.570000000000000506e-01
4.052039507385085670e-05 -9.301164686355689604e-01 -3.672646908307357627e-01 1.889999999999999902e+00
0.000000000000000000e+00 0.000000000000000000e+00 0.000000000000000000e+00 1.000000000000000000e+00
-3.803517526204340804e-01 -3.394541240702933504e-01 8.602926490039501939e-01 -2.196200000000000152e+00
-9.248418944258125496e-01 1.394828648563537499e-01 -3.538530778816800226e-01 5.003999999999999559e-01
1.208033039703515499e-04 -9.302233216078459321e-01 -3.669939472844583328e-01 1.889999999999999902e+00
0.000000000000000000e+00 0.000000000000000000e+00 0.000000000000000000e+00 1.000000000000000000e+00
-3.587784896237696808e-01 -3.423796350859856230e-01 8.683629315336265364e-01 -2.227399999999999824e+00
-9.334227310934382071e-01 1.315786108029262103e-01 -3.337799788142468138e-01 4.431999999999999829e-01
2.147914147870855217e-05 -9.303027757980513179e-01 -3.667925093034031248e-01 1.889999999999999902e+00
0.000000000000000000e+00 0.000000000000000000e+00 0.000000000000000000e+00 1.000000000000000000e+00
-3.373544148506828488e-01 -3.450959010090489665e-01 8.758429185005187634e-01 -2.257000000000000117e+00
-9.413777098746832772e-01 1.235920172549511697e-01 -3.138996983463804846e-01 3.852999999999999758e-01
7.830613137010944413e-05 -9.303944498854261891e-01 -3.665599016402982246e-01 1.889999999999999902e+00
0.000000000000000000e+00 0.000000000000000000e+00 0.000000000000000000e+00 1.000000000000000000e+00
-3.156919489750376062e-01 -3.477264842971307113e-01 8.828504321065372418e-01 -2.285200000000000120e+00
-9.488617346083140225e-01 1.156473877852538523e-01 -2.937466430353690705e-01 3.267999999999999794e-01
4.414117856943455820e-05 -9.304364426530189469e-01 -3.664533043032248694e-01 1.889999999999999902e+00
0.000000000000000000e+00 0.000000000000000000e+00 0.000000000000000000e+00 1.000000000000000000e+00
-2.941145078938784962e-01 -3.500390302449293833e-01 8.893645672903384147e-01 -2.311700000000000088e+00
-9.557701895658170521e-01 1.076852718501662975e-01 -2.736918467252497655e-01 2.676999999999999935e-01
3.136341108467277650e-05 -9.305248838863713345e-01 -3.662286710302612991e-01 1.889999999999999902e+00
0.000000000000000000e+00 0.000000000000000000e+00 0.000000000000000000e+00 1.000000000000000000e+00
-2.726003743620876163e-01 -3.521874915553907526e-01 8.953507729876437615e-01 -2.336699999999999999e+00
-9.621273468362671055e-01 9.972166568226659145e-02 -2.537056520130358539e-01 2.081000000000000072e-01
6.608672366326118208e-05 -9.306017194189337705e-01 -3.660333802361051547e-01 1.889999999999999902e+00
0.000000000000000000e+00 0.000000000000000000e+00 0.000000000000000000e+00 1.000000000000000000e+00
-2.510117586915645571e-01 -3.541620735970508194e-01 9.008675388890452496e-01 -2.359999999999999876e+00
-9.679840338683280976e-01 9.192060095601195524e-02 -2.335754980640854517e-01 1.479999999999999927e-01
-8.470282060379918931e-05 -9.306555908311748837e-01 -3.658963843495987023e-01 1.889999999999999902e+00
0.000000000000000000e+00 0.000000000000000000e+00 0.000000000000000000e+00 1.000000000000000000e+00
-2.295679358042647111e-01 -3.559368398229511565e-01 9.058739034255373079e-01 -2.381699999999999928e+00
-9.732926335330072121e-01 8.384755332848803366e-02 -2.137078316562344704e-01 8.740000000000000546e-02
1.111798187768409107e-04 -9.307408628923934391e-01 -3.656794139425554868e-01 1.889999999999999902e+00
0.000000000000000000e+00 0.000000000000000000e+00 0.000000000000000000e+00 1.000000000000000000e+00
-2.080024600763342724e-01 -3.576457071078963934e-01 9.103980035069746402e-01 -2.401600000000000179e+00
-9.781283025888289906e-01 7.603879670219282350e-02 -1.936055915276685413e-01 2.639999999999999986e-02
1.663997520640059236e-05 -9.307564931728250501e-01 -3.656396451969287642e-01 1.889999999999999902e+00
0.000000000000000000e+00 0.000000000000000000e+00 0.000000000000000000e+00 1.000000000000000000e+00
-1.865153430083107411e-01 -3.590418550460111047e-01 9.144949278960552430e-01 -2.419799999999999951e+00
-9.824520380088230809e-01 6.802949809965763706e-02 -1.736662903404654901e-01 -3.490000000000000047e-02
1.408360833485833297e-04 -9.308388333720438723e-01 -3.654299473931629239e-01 1.889999999999999902e+00
0.000000000000000000e+00 0.000000000000000000e+00 0.000000000000000000e+00 1.000000000000000000e+00
-1.651187786176486760e-01 -3.601904329902517188e-01 9.181495743777867702e-01 -2.436300000000000132e+00
-9.862736886231808775e-01 6.031023361321463661e-02 -1.537103992940761499e-01 -9.669999999999999429e-02
-8.800045760259944672e-06 -9.309272408216521244e-01 -3.652046990644353675e-01 1.889999999999999902e+00
0.000000000000000000e+00 0.000000000000000000e+00 0.000000000000000000e+00 1.000000000000000000e+00
-1.437416992124609383e-01 -3.614990823282119292e-01 9.212256712572524098e-01 -2.450899999999999856e+00
-9.896152402719230468e-01 5.251845923942821681e-02 -1.338039149676146233e-01 -1.587999999999999967e-01
-1.136039352400697311e-05 -9.308921661046338780e-01 -3.652940937874087912e-01 1.889999999999999902e+00
0.000000000000000000e+00 0.000000000000000000e+00 0.000000000000000000e+00 1.000000000000000000e+00
-1.225103576645819592e-01 -3.623007111527950519e-01 9.239747869736898434e-01 -2.463799999999999990e+00
-9.924672348568380764e-01 4.472314905406160612e-02 -1.140553710892671657e-01 -2.212000000000000077e-01
-7.200635815940437112e-07 -9.309876662109266565e-01 -3.650506339709796988e-01 1.889999999999999902e+00
0.000000000000000000e+00 0.000000000000000000e+00 0.000000000000000000e+00 1.000000000000000000e+00
-1.012321342947434255e-01 -3.631520834783019680e-01 9.262141325047350549e-01 -2.474699999999999900e+00
-9.948628318705317053e-01 3.692688618066342077e-02 -9.425683444475646544e-02 -2.837999999999999967e-01
2.736196075819874451e-05 -9.309978353048777855e-01 -3.650246976698351964e-01 1.889999999999999902e+00
0.000000000000000000e+00 0.000000000000000000e+00 0.000000000000000000e+00 1.000000000000000000e+00
-8.011386402597819867e-02 -3.638662360098501858e-01 9.279995318333145171e-01 -2.483699999999999797e+00
-9.967857140999973886e-01 2.915633635248304767e-02 -7.462002557396518743e-02 -3.467000000000000082e-01
9.464135147857488661e-05 -9.309947746053813811e-01 -3.650324926639952339e-01 1.889999999999999902e+00
0.000000000000000000e+00 0.000000000000000000e+00 0.000000000000000000e+00 1.000000000000000000e+00
-5.920319727608014393e-02 -3.642575107351068708e-01 9.294145723547444504e-01 -2.490800000000000125e+00
-9.982459523720048633e-01 2.160522856826907478e-02 -5.512016574196143548e-02 -4.097999999999999976e-01
-2.279905931101833261e-06 -9.310476249749933819e-01 -3.648976843215449017e-01 1.889999999999999902e+00
0.000000000000000000e+00 0.000000000000000000e+00 0.000000000000000000e+00 1.000000000000000000e+00
-3.815853654134315764e-02 -3.646366709892020497e-01 9.303676822949813463e-01 -2.495899999999999785e+00
-9.992716977410330825e-01 1.393673914960580351e-02 -3.552240695151925864e-02 -4.731000000000000205e-01
-1.351948504274558260e-05 -9.310455764739922202e-01 -3.649029108481256500e-01 1.889999999999999902e+00
0.000000000000000000e+00 0.000000000000000000e+00 0.000000000000000000e+00 1.000000000000000000e+00
-1.729736652543334419e-02 -3.648877950634383249e-01 9.308908089163987487e-01 -2.499000000000000110e+00
-9.998503892848409347e-01 6.300828970554173125e-03 -1.610896027792502183e-02 -5.364999999999999769e-01
1.257921933356387356e-05 -9.310301802670126747e-01 -3.649421916875837946e-01 1.889999999999999902e+00
0.000000000000000000e+00 0.000000000000000000e+00 0.000000000000000000e+00 1.000000000000000000e+00
3.568979707453401318e-03 -3.648311343925449424e-01 9.310668642808077600e-01 -2.500000000000000000e+00
-9.999936304466965353e-01 -1.337536198586675162e-03 3.309087933663301673e-03 -5.999999999999999778e-01
3.807732963706511597e-05 -9.310727438684722745e-01 -3.648335842207386936e-01 1.889999999999999902e+00
0.000000000000000000e+00 0.000000000000000000e+00 0.000000000000000000e+00 1.000000000000000000e+00
2.431792522514752974e-02 -3.647603685328595358e-01 9.307838159640060560e-01 -2.498899999999999899e+00
-9.997042754088028005e-01 -8.858347980815417522e-03 2.264710578443512867e-02 -6.635999999999999677e-01
-1.555971541278289294e-05 -9.310592909255690497e-01 -3.648679165658059165e-01 1.889999999999999902e+00
0.000000000000000000e+00 0.000000000000000000e+00 0.000000000000000000e+00 1.000000000000000000e+00
4.478200860917436188e-02 -3.644606642913661432e-01 9.301413848922237548e-01 -2.495499999999999829e+00
-9.989967789492688599e-01 -1.641759530210018525e-02 4.166411181678969511e-02 -7.271999999999999575e-01
8.575496103851998342e-05 -9.310740500888168292e-01 -3.648302425749462841e-01 1.889999999999999902e+00
0.000000000000000000e+00 0.000000000000000000e+00 0.000000000000000000e+00 1.000000000000000000e+00
6.511683291418202124e-02 -3.641545668006541114e-01 9.290593358604468666e-01 -2.489900000000000002e+00
-9.978776415059493754e-01 -2.385932855665828800e-02 6.058832415036613517e-02 -7.907999999999999474e-01
1.032170087711392625e-04 -9.310328586677558693e-01 -3.649353441737256398e-01 1.889999999999999902e+00
0.000000000000000000e+00 0.000000000000000000e+00 0.000000000000000000e+00 1.000000000000000000e+00
8.550902695795592479e-02 -3.634420654591830613e-01 9.276842519755663652e-01 -2.482200000000000184e+00
-9.963373957284817894e-01 -3.120441724788347582e-02 7.961204819125300425e-02 -8.542999999999999483e-01
1.347924287103952068e-05 -9.310940604466244608e-01 -3.647791803534396471e-01 1.889999999999999902e+00
0.000000000000000000e+00 0.000000000000000000e+00 0.000000000000000000e+00 1.000000000000000000e+00
1.057962541433822290e-01 -3.629022799661645315e-01 9.258018620658464704e-01 -2.472300000000000164e+00
-9.943878277464048843e-01 -3.863405800046948446e-02 9.848988573555478299e-02 -9.176999999999999602e-01
2.527874895474901962e-05 -9.310259635250652810e-01 -3.649529484785798417e-01 1.889999999999999902e+00
0.000000000000000000e+00 0.000000000000000000e+00 0.000000000000000000e+00 1.000000000000000000e+00
1.259438531713792386e-01 -3.619981707248894343e-01 9.236316745544079776e-01 -2.460399999999999920e+00
-9.920373707059595425e-01 -4.592813869527323511e-02 1.172708881129261305e-01 -9.810999999999999721e-01
-3.116332388014564359e-05 -9.310466854394690017e-01 -3.649000802425586554e-01 1.889999999999999902e+00
0.000000000000000000e+00 0.000000000000000000e+00 0.000000000000000000e+00 1.000000000000000000e+00
1.460407045430084372e-01 -3.609462392018710775e-01 9.210808460838858513e-01 -2.446400000000000130e+00
-9.892785781284535451e-01 -5.320276628187203816e-02 1.360050018054529963e-01 -1.044200000000000017e+00
-8.644493341225523153e-05 -9.310678160402612313e-01 -3.648461517698815548e-01 1.889999999999999902e+00
0.000000000000000000e+00 0.000000000000000000e+00 0.000000000000000000e+00 1.000000000000000000e+00
1.660026461631268768e-01 -3.598508883288383253e-01 9.181233357429628983e-01 -2.430400000000000116e+00
-9.861253066018522695e-01 -6.054471748814505005e-02 1.545678390341386765e-01 -1.107099999999999973e+00
-3.385620167273284409e-05 -9.310433262492279205e-01 -3.649086508984557553e-01 1.889999999999999902e+00
0.000000000000000000e+00 0.000000000000000000e+00 0.000000000000000000e+00 1.000000000000000000e+00
1.859488923102732283e-01 -3.585248947486904814e-01 9.148130460886654269e-01 -2.412500000000000089e+00
-9.825594174442149331e-01 -6.787463909882651691e-02 1.731185274859070589e-01 -1.169799999999999951e+00
2.530350023310923291e-05 -9.310493720596368927e-01 -3.648932256799082841e-01 1.889999999999999902e+00
0.000000000000000000e+00 0.000000000000000000e+00 0.000000000000000000e+00 1.000000000000000000e+00
2.056961763903289997e-01 -3.571415441814386194e-01 9.111196411218978053e-01 -2.392700000000000049e+00
-9.786159016749108597e-01 -7.506532168784862957e-02 1.915100897313264938e-01 -1.232199999999999962e+00
-2.720216039475698011e-06 -9.310290623281300970e-01 -3.649450439353892350e-01 1.889999999999999902e+00
0.000000000000000000e+00 0.000000000000000000e+00 0.000000000000000000e+00 1.000000000000000000e+00
2.254828966580055827e-01 -3.555211716189733417e-01 9.070623792470875468e-01 -2.370999999999999996e+00
-9.742471247782923394e-01 -8.233682245629714291e-02 2.099123329607629485e-01 -1.294200000000000017e+00
5.635552537130994466e-05 -9.310345558562648227e-01 -3.649310244766566513e-01 1.889999999999999902e+00
0.000000000000000000e+00 0.000000000000000000e+00 0.000000000000000000e+00 1.000000000000000000e+00
2.451205622224404967e-01 -3.537631679252451478e-01 9.026447424071386560e-01 -2.347500000000000142e+00
-9.694926036761488675e-01 -8.947915184156818302e-02 2.282051112551067296e-01 -1.355900000000000105e+00
3.732287050206561929e-05 -9.310451666837697982e-01 -3.649039547631607316e-01 1.889999999999999902e+00
0.000000000000000000e+00 0.000000000000000000e+00 0.000000000000000000e+00 1.000000000000000000e+00
2.646592162900096579e-01 -3.518611121211405734e-01 8.978581497149937807e-01 -2.322099999999999831e+00
-9.643420030654492603e-01 -9.658488868856307530e-02 2.464058854831499001e-01 -1.417200000000000015e+00
1.888054904641833787e-05 -9.310559151060113781e-01 -3.648765306095101968e-01 1.889999999999999902e+00
0.000000000000000000e+00 0.000000000000000000e+00 0.000000000000000000e+00 1.000000000000000000e+00
2.843004157534642085e-01 -3.498322759948558902e-01 8.926313081416459294e-01 -2.295100000000000140e+00
-9.587352459977239727e-01 -1.036983396369931532e-01 2.647137745532224806e-01 -1.477999999999999980e+00
-4.103767685709192037e-05 -9.310553329576012338e-01 -3.648780142556129480e-01 1.889999999999999902e+00
0.000000000000000000e+00 0.000000000000000000e+00 0.000000000000000000e+00 1.000000000000000000e+00
3.037901770469638718e-01 -3.476065159349727707e-01 8.870632662946447144e-01 -2.266300000000000203e+00
-9.527389610427401401e-01 -1.108582740014711909e-01 2.828407947885432372e-01 -1.538300000000000001e+00
2.099939080763002508e-05 -9.310639898336550146e-01 -3.648559255296003334e-01 1.889999999999999902e+00
0.000000000000000000e+00 0.000000000000000000e+00 0.000000000000000000e+00 1.000000000000000000e+00
3.232751208839853563e-01 -3.451988025441327657e-01 8.810964663074876135e-01 -2.235899999999999999e+00
-9.463050224976514713e-01 -1.179018668079268028e-01 3.010082294538229397e-01 -1.598100000000000076e+00
-2.476214786872876772e-05 -9.310944831354672768e-01 -3.647781008524678681e-01 1.889999999999999902e+00
0.000000000000000000e+00 0.000000000000000000e+00 0.000000000000000000e+00 1.000000000000000000e+00
3.425634380978314630e-01 -3.427433132613080802e-01 8.747441409310805494e-01 -2.203899999999999970e+00
-9.394946994031598830e-01 -1.249985373767006913e-01 3.189436869528100571e-01 -1.657299999999999995e+00
2.592218524016809411e-05 -9.310759297008738278e-01 -3.648254547858383878e-01 1.889999999999999902e+00
0.000000000000000000e+00 0.000000000000000000e+00 0.000000000000000000e+00 1.000000000000000000e+00
3.619201745523770719e-01 -3.401535289536687379e-01 8.679339629213403962e-01 -2.170199999999999907e+00
-9.322090893215893015e-01 -1.320931378824694025e-01 3.369534340388535831e-01 -1.715999999999999970e+00
3.222095567356753065e-05 -9.310461748295455475e-01 -3.649013829750188398e-01 1.889999999999999902e+00
0.000000000000000000e+00 0.000000000000000000e+00 0.000000000000000000e+00 1.000000000000000000e+00
3.810340359936449373e-01 -3.373724398287354376e-01 8.608094448008805077e-01 -2.135099999999999998e+00
-9.245610108293502716e-01 -1.390133331960139440e-01 3.547706730381529616e-01 -1.773900000000000032e+00
-2.585737418375755325e-05 -9.310505518164629013e-01 -3.648902153986262609e-01 1.889999999999999902e+00
0.000000000000000000e+00 0.000000000000000000e+00 0.000000000000000000e+00 1.000000000000000000e+00
4.001822115738520869e-01 -3.343981892406089340e-01 8.532479408545106114e-01 -2.098399999999999821e+00
-9.164355937648132056e-01 -1.460178566862360694e-01 3.725917175806407466e-01 -1.831199999999999939e+00
-4.560139494624859680e-06 -9.310513608611286074e-01 -3.648881519285675501e-01 1.889999999999999902e+00
0.000000000000000000e+00 0.000000000000000000e+00 0.000000000000000000e+00 1.000000000000000000e+00
4.193702440615617033e-01 -3.312841863488336647e-01 8.452096700055775624e-01 -2.060299999999999798e+00
-9.078152882836627580e-01 -1.530103788877224535e-01 3.904602749462305344e-01 -1.887699999999999934e+00
-2.746263998365527925e-05 -9.310416810367980744e-01 -3.649128490721813001e-01 1.889999999999999902e+00
0.000000000000000000e+00 0.000000000000000000e+00 0.000000000000000000e+00 1.000000000000000000e+00
4.383718561885268095e-01 -3.280239396139171815e-01 8.367977119602985070e-01 -2.020799999999999930e+00
-8.987936988593588916e-01 -1.599355426397249813e-01 4.081550062062802575e-01 -1.943400000000000016e+00
-5.091696687631319662e-05 -9.310321784131319056e-01 -3.649370906975072382e-01 1.889999999999999902e+00
0.000000000000000000e+00 0.000000000000000000e+00 0.000000000000000000e+00 1.000000000000000000e+00
4.573821624239758910e-01 -3.245583825360558450e-01 8.279271790574017631e-01 -1.979899999999999993e+00
-8.892702387249484808e-01 -1.669354784998302588e-01 4.258297647371610539e-01 -1.998399999999999954e+00
3.800120159880293613e-06 -9.310179387872244972e-01 -3.649734204595550535e-01 1.889999999999999902e+00
0.000000000000000000e+00 0.000000000000000000e+00 0.000000000000000000e+00 1.000000000000000000e+00
4.761109254928164725e-01 -3.209058590567456237e-01 8.187416053001252969e-01 -1.937699999999999978e+00
-8.793852322084866335e-01 -1.737427238434126608e-01 4.432776548452425081e-01 -2.052400000000000002e+00
5.551115123125782702e-17 -9.310386111942533516e-01 -3.649206824304100927e-01 1.889999999999999902e+00
0.000000000000000000e+00 0.000000000000000000e+00 0.000000000000000000e+00 1.000000000000000000e+00
4.949571417526654193e-01 -3.169927932709580842e-01 8.090321358526542106e-01 -1.894200000000000106e+00
-8.689173869727212507e-01 -1.806200260485531506e-01 4.608242406891353005e-01 -2.105599999999999916e+00
4.944218880559292373e-05 -9.310703384838846519e-01 -3.648397214544688016e-01 1.889999999999999902e+00
0.000000000000000000e+00 0.000000000000000000e+00 0.000000000000000000e+00 1.000000000000000000e+00
5.138628348760039266e-01 -3.130454986290811537e-01 7.987161590460449823e-01 -1.849399999999999933e+00
-8.578723559320715619e-01 -1.874170410379438212e-01 4.784661677236324850e-01 -2.157900000000000151e+00
-8.866089458842152382e-05 -9.310624944205688758e-01 -3.648597314346899156e-01 1.889999999999999902e+00
0.000000000000000000e+00 0.000000000000000000e+00 0.000000000000000000e+00 1.000000000000000000e+00
5.324444936535739359e-01 -3.087652898622673669e-01 7.881413940114168071e-01 -1.803500000000000103e+00
-8.464649192134551248e-01 -1.942655599585880188e-01 4.957398841680336066e-01 -2.209200000000000053e+00
4.146020274037320874e-05 -9.310880130203837979e-01 -3.647946138456614751e-01 1.889999999999999902e+00
0.000000000000000000e+00 0.000000000000000000e+00 0.000000000000000000e+00 1.000000000000000000e+00
5.510578290408437718e-01 -3.044466947698467596e-01 7.769475394751618191e-01 -1.756299999999999972e+00
-8.344670566927010480e-01 -2.010269656735159671e-01 5.130817579750031054e-01 -2.259399999999999853e+00
-1.863901399612455378e-05 -9.310748461406392895e-01 -3.648282205871310468e-01 1.889999999999999902e+00
0.000000000000000000e+00 0.000000000000000000e+00 0.000000000000000000e+00 1.000000000000000000e+00
5.694940041494600536e-01 -3.000219014220403269e-01 7.652865070709912176e-01 -1.708099999999999952e+00
-8.219954798528966711e-01 -2.077456732591237976e-01 5.302500979193869313e-01 -2.308600000000000207e+00
-1.016819594112927660e-04 -9.310363010695215102e-01 -3.649265621348523059e-01 1.889999999999999902e+00
0.000000000000000000e+00 0.000000000000000000e+00 0.000000000000000000e+00 1.000000000000000000e+00
5.878852998380230677e-01 -2.951987920555617095e-01 7.531590452243768219e-01 -1.658800000000000052e+00
-8.089442960087069867e-01 -2.145460969414333396e-01 5.473381936629075906e-01 -2.356700000000000017e+00
1.375991386298736074e-05 -9.310357917159437502e-01 -3.649278755514991923e-01 1.889999999999999902e+00
0.000000000000000000e+00 0.000000000000000000e+00 0.000000000000000000e+00 1.000000000000000000e+00
6.061146343594602248e-01 -2.901827059215311699e-01 7.405532034900368377e-01 -1.608400000000000052e+00
-7.953772997687853508e-01 -2.211702976434365420e-01 5.643214070481725742e-01 -2.403700000000000170e+00
3.205953000723349433e-05 -9.310626706212485892e-01 -3.648592911627915325e-01 1.889999999999999902e+00
0.000000000000000000e+00 0.000000000000000000e+00 0.000000000000000000e+00 1.000000000000000000e+00
6.243817058671186082e-01 -2.850699462356058311e-01 7.272431581883020968e-01 -1.557099999999999929e+00
-7.811193791843624723e-01 -2.279030136176443677e-01 5.813026164113077598e-01 -2.449500000000000011e+00
2.900177693887506791e-05 -9.310184435000332659e-01 -3.649721318425179772e-01 1.889999999999999902e+00
0.000000000000000000e+00 0.000000000000000000e+00 0.000000000000000000e+00 1.000000000000000000e+00
6.424101854671351308e-01 -2.795684735680105670e-01 7.135479116323820703e-01 -1.504799999999999915e+00
-7.663609812276295230e-01 -2.343606287925039111e-01 5.981353877875870140e-01 -2.494099999999999984e+00
7.739892957325800182e-06 -9.310835431145987329e-01 -3.648060247326780359e-01 1.889999999999999902e+00
0.000000000000000000e+00 0.000000000000000000e+00 0.000000000000000000e+00 1.000000000000000000e+00
6.602066442536385082e-01 -2.740519910400819326e-01 6.993015752093774129e-01 -1.451500000000000012e+00
-7.510840037170899430e-01 -2.409910363720410564e-01 6.146512342366491355e-01 -2.537399999999999878e+00
7.901680851124526228e-05 -9.310310556556621320e-01 -3.649399500754165748e-01 1.889999999999999902e+00
0.000000000000000000e+00 0.000000000000000000e+00 0.000000000000000000e+00 1.000000000000000000e+00
6.779958746720319285e-01 -2.682474707615448706e-01 6.843718933136724303e-01 -1.397399999999999975e+00
-7.350657046987644216e-01 -2.473439005252817402e-01 6.312680925317297742e-01 -2.579400000000000137e+00
-6.085569202557428170e-05 -9.310554705832374545e-01 -3.648776603104265659e-01 1.889999999999999902e+00
0.000000000000000000e+00 0.000000000000000000e+00 0.000000000000000000e+00 1.000000000000000000e+00
6.953933631802206028e-01 -2.622761947217736589e-01 6.690584938009291882e-01 -1.342500000000000027e+00
-7.186292996653868004e-01 -2.537824152933891853e-01 6.474306258977013950e-01 -2.620099999999999874e+00
-1.036037742857542909e-05 -9.310239972042180234e-01 -3.649579654186802524e-01 1.889999999999999902e+00
0.000000000000000000e+00 0.000000000000000000e+00 0.000000000000000000e+00 1.000000000000000000e+00
7.127095760538214586e-01 -2.559248640210018411e-01 6.531060589039223707e-01 -1.286799999999999944e+00
-7.014592356182396404e-01 -2.600707862029350004e-01 6.635647119382270809e-01 -2.659400000000000208e+00
3.109754111746410032e-05 -9.310562013861563013e-01 -3.648757992705516928e-01 1.889999999999999902e+00
0.000000000000000000e+00 0.000000000000000000e+00 0.000000000000000000e+00 1.000000000000000000e+00
7.298811123560638991e-01 -2.494222892940502201e-01 6.364448785473806325e-01 -1.230299999999999949e+00
-6.835741085006659112e-01 -2.663137882581754212e-01 6.795611851563476691e-01 -2.697299999999999809e+00
-3.659893606844377700e-06 -9.310561141987603317e-01 -3.648760230540098459e-01 1.889999999999999902e+00
0.000000000000000000e+00 0.000000000000000000e+00 0.000000000000000000e+00 1.000000000000000000e+00
7.468119174249443493e-01 -2.426467818754900752e-01 6.191885813203813482e-01 -1.173200000000000021e+00
-6.650353063244224261e-01 -2.725351766574387602e-01 6.953075713857000961e-01 -2.733800000000000008e+00
3.652478401627856641e-05 -9.310462484376204051e-01 -3.649011947584895887e-01 1.889999999999999902e+00
0.000000000000000000e+00 0.000000000000000000e+00 0.000000000000000000e+00 1.000000000000000000e+00
7.634656320515700312e-01 -2.356267191533955307e-01 6.013320862028763703e-01 -1.115299999999999958e+00
-6.458484557300920859e-01 -2.784939053795330022e-01 7.108592806579310253e-01 -2.768699999999999939e+00
-3.011896450999529407e-05 -9.310860292623139856e-01 -3.647996781870639360e-01 1.889999999999999902e+00
0.000000000000000000e+00 0.000000000000000000e+00 0.000000000000000000e+00 1.000000000000000000e+00
7.798018905590307082e-01 -2.283922932288684760e-01 5.828773214615747822e-01 -1.056899999999999951e+00
-6.260263654591329274e-01 -2.845461680132875260e-01 7.260333794110170880e-01 -2.802099999999999813e+00
3.507975935285179148e-05 -9.310587729368174914e-01 -3.648692369970343297e-01 1.889999999999999902e+00
0.000000000000000000e+00 0.000000000000000000e+00 0.000000000000000000e+00 1.000000000000000000e+00
7.959084879167735993e-01 -2.209273521374358895e-01 5.636672634982242691e-01 -9.978000000000000203e-01
-6.054169451527815493e-01 -2.903838750776832622e-01 7.410448890699823377e-01 -2.834000000000000075e+00
-3.720092816322795315e-05 -9.310576298878656676e-01 -3.648721535602313937e-01 1.889999999999999902e+00
0.000000000000000000e+00 0.000000000000000000e+00 0.000000000000000000e+00 1.000000000000000000e+00
8.116649819225674189e-01 -2.131754199401313110e-01 5.438347151975377880e-01 -9.383000000000000229e-01
-5.841232368381160667e-01 -2.961590304819018971e-01 7.557048847597730434e-01 -2.864199999999999857e+00
-3.614416416913845964e-05 -9.310456857734578096e-01 -3.649026304320521219e-01 1.889999999999999902e+00
0.000000000000000000e+00 0.000000000000000000e+00 0.000000000000000000e+00 1.000000000000000000e+00
8.270887971262671501e-01 -2.050925595097561616e-01 5.233174597717542564e-01 -8.781999999999999806e-01
-5.620712776894091212e-01 -3.018297465172072869e-01 7.700484938716219974e-01 -2.892700000000000049e+00
2.155967617362142263e-05 -9.310401957762594050e-01 -3.649166389520829279e-01 1.889999999999999902e+00
0.000000000000000000e+00 0.000000000000000000e+00 0.000000000000000000e+00 1.000000000000000000e+00
8.419858130950451658e-01 -1.968501162215490208e-01 5.023046110581090851e-01 -8.176999999999999824e-01
-5.394996667412930158e-01 -3.072397279098558753e-01 7.839284783575038995e-01 -2.919599999999999973e+00
1.151995530257465816e-05 -9.310498275266690937e-01 -3.648920642187909458e-01 1.889999999999999902e+00
0.000000000000000000e+00 0.000000000000000000e+00 0.000000000000000000e+00 1.000000000000000000e+00
8.566003690017638394e-01 -1.882276193406268727e-01 4.804229086371737401e-01 -7.567000000000000393e-01
-5.159804331585751136e-01 -3.124472865694432056e-01 7.975844066384959463e-01 -2.944700000000000095e+00
-2.057987528597537974e-05 -9.310999175344999435e-01 -3.647642295287689129e-01 1.889999999999999902e+00
0.000000000000000000e+00 0.000000000000000000e+00 0.000000000000000000e+00 1.000000000000000000e+00
8.707916856760538060e-01 -1.794862133644811175e-01 4.577188431444970673e-01 -6.954000000000000181e-01
-4.916521491347118911e-01 -3.177719950308801611e-01 8.107398617468574153e-01 -2.967999999999999972e+00
-6.639785933301722842e-05 -9.310239837867627655e-01 -3.649579937542812846e-01 1.889999999999999902e+00
0.000000000000000000e+00 0.000000000000000000e+00 0.000000000000000000e+00 1.000000000000000000e+00
8.844019170869052981e-01 -1.702683458892783053e-01 4.345594774494462298e-01 -6.337000000000000410e-01
-4.667260940755227905e-01 -3.227352076559161231e-01 8.234128605069870321e-01 -2.989500000000000046e+00
4.649745100970825717e-05 -9.310481599398721109e-01 -3.648963163839356594e-01 1.889999999999999902e+00
0.000000000000000000e+00 0.000000000000000000e+00 0.000000000000000000e+00 1.000000000000000000e+00
8.975554981255847720e-01 -1.609788746868869858e-01 4.104630673874044011e-01 -5.717999999999999750e-01
-4.409014852180404009e-01 -3.275189537652570815e-01 8.356657317714046851e-01 -3.009199999999999875e+00
-9.009472495385972834e-05 -9.310301481848237692e-01 -3.649422626305229844e-01 1.889999999999999902e+00
0.000000000000000000e+00 0.000000000000000000e+00 0.000000000000000000e+00 1.000000000000000000e+00
9.101144500046222108e-01 -1.511076159821904130e-01 3.858214305672545974e-01 -5.096000000000000529e-01
-4.143569474147774101e-01 -3.321016244069017187e-01 8.473587381949895248e-01 -3.027000000000000135e+00
8.956501205809042077e-05 -9.310612221859936311e-01 -3.648629777322338064e-01 1.889999999999999902e+00
0.000000000000000000e+00 0.000000000000000000e+00 0.000000000000000000e+00 1.000000000000000000e+00
9.221199239602685394e-01 -1.411613333532829029e-01 3.602337071977467775e-01 -4.471999999999999864e-01
-3.869041813451102318e-01 -3.364750916591767727e-01 8.585392636045359183e-01 -3.042800000000000171e+00
1.712246152502094887e-05 -9.310520880481778505e-01 -3.648862960539205891e-01 1.889999999999999902e+00
0.000000000000000000e+00 0.000000000000000000e+00 0.000000000000000000e+00 1.000000000000000000e+00
9.334416081506441421e-01 -1.308775254332117388e-01 3.340027507515744842e-01 -3.846999999999999864e-01
-3.587293741383150159e-01 -3.405082400244054952e-01 8.691187344694707440e-01 -3.056599999999999984e+00
-1.742045328023689166e-05 -9.310881869146233614e-01 -3.647941719443540398e-01 1.889999999999999902e+00
0.000000000000000000e+00 0.000000000000000000e+00 0.000000000000000000e+00 1.000000000000000000e+00
9.440217650084541390e-01 -1.203304083596837548e-01 3.071538702577502056e-01 -3.220000000000000084e-01
-3.298831687050330919e-01 -3.444799862380845124e-01 8.789258410619954498e-01 -3.068499999999999783e+00
4.685562649583974171e-05 -9.310500157915261310e-01 -3.648915810198276044e-01 1.889999999999999902e+00
0.000000000000000000e+00 0.000000000000000000e+00 0.000000000000000000e+00 1.000000000000000000e+00
9.538447273829891992e-01 -1.095832249248763907e-01 2.795921187350153270e-01 -2.591999999999999860e-01
-3.003002423422762579e-01 -3.480007567208625585e-01 8.880964124299102203e-01 -3.078199999999999825e+00
-2.220002530806119978e-05 -9.310676614171340404e-01 -3.648465559250736456e-01 1.889999999999999902e+00
0.000000000000000000e+00 0.000000000000000000e+00 0.000000000000000000e+00 1.000000000000000000e+00
9.629223351184603708e-01 -9.849514596552842727e-02 2.511558933237297842e-01 -1.963999999999999913e-01
-2.697787443706308741e-01 -3.513004819250049038e-01 8.965530661846320415e-01 -3.085900000000000087e+00
-7.493875676603534153e-05 -9.310674935902812921e-01 -3.648469771886485025e-01 1.889999999999999902e+00
0.000000000000000000e+00 0.000000000000000000e+00 0.000000000000000000e+00 1.000000000000000000e+00
9.711497252320019369e-01 -8.697235958649737753e-02 2.220450851736289755e-01 -1.335999999999999965e-01
-2.384705599858707725e-01 -3.544079639465825271e-01 9.041718791862878302e-01 -3.091400000000000148e+00
5.658473614242320870e-05 -9.310374878377318808e-01 -3.649235441006413727e-01 1.889999999999999902e+00
0.000000000000000000e+00 0.000000000000000000e+00 0.000000000000000000e+00 1.000000000000000000e+00
9.784655197233911306e-01 -7.524723523407662873e-02 1.922058279607087861e-01 -7.080000000000000182e-02
-2.064103277597244546e-01 -3.569606508222306629e-01 9.110290172978534606e-01 -3.094800000000000217e+00
5.750267099907668822e-05 -9.310837488401335627e-01 -3.648054952152526842e-01 1.889999999999999902e+00
0.000000000000000000e+00 0.000000000000000000e+00 0.000000000000000000e+00 1.000000000000000000e+00
9.848118041971204439e-01 -6.337657717835798454e-02 1.616450425443606287e-01 -8.099999999999999561e-03
-1.736251991650742954e-01 -3.593521535485614815e-01 9.169080215348208718e-01 -3.095899999999999874e+00
-2.299784349221734026e-05 -9.310474956763306054e-01 -3.648980135132726121e-01 1.889999999999999902e+00
0.000000000000000000e+00 0.000000000000000000e+00 0.000000000000000000e+00 1.000000000000000000e+00
9.901359698052071279e-01 -5.107577939360139624e-02 1.304684868358567673e-01 5.439999999999999697e-02
-1.401098035739709868e-01 -3.613779427160428992e-01 9.218325365600757992e-01 -3.093999999999999861e+00
6.511808683061504066e-05 -9.310194666480698933e-01 -3.649695171955847361e-01 1.889999999999999902e+00
0.000000000000000000e+00 0.000000000000000000e+00 0.000000000000000000e+00 1.000000000000000000e+00
9.943745585512605567e-01 -3.861549674156138784e-02 9.863103323694906444e-02 1.168000000000000010e-01
-1.059208948861327937e-01 -3.628392132742775944e-01 9.258123294367084366e-01 -3.088299999999999823e+00
3.650351346316804690e-05 -9.310513136889426722e-01 -3.648882704960352275e-01 1.889999999999999902e+00
0.000000000000000000e+00 0.000000000000000000e+00 0.000000000000000000e+00 1.000000000000000000e+00
9.974634577741974262e-01 -2.590262037268954015e-02 6.630011058037806049e-02 1.789999999999999925e-01
-7.118037006654592824e-02 -3.639323941912246951e-01 9.287015491402138556e-01 -3.078899999999999970e+00
7.295431175231847920e-05 -9.310651248522155976e-01 -3.648530224098424646e-01 1.889999999999999902e+00
0.000000000000000000e+00 0.000000000000000000e+00 0.000000000000000000e+00 1.000000000000000000e+00
9.993579106651038213e-01 -1.306870292884435882e-02 3.336128586904172494e-02 2.409999999999999920e-01
-3.582968486893434168e-02 -3.647333517790266599e-01 9.304223856841741247e-01 -3.066100000000000048e+00
8.559857820757132973e-06 -9.310202957528878054e-01 -3.649674078913546227e-01 1.889999999999999902e+00
0.000000000000000000e+00 0.000000000000000000e+00 0.000000000000000000e+00 1.000000000000000000e+00
1.000000000000000000e+00 0.000000000000000000e+00 0.000000000000000000e+00 3.028000000000000136e-01
0.000000000000000000e+00 -3.649186449408367006e-01 9.310394097859358009e-01 -3.049799999999999844e+00
0.000000000000000000e+00 -9.310394097859358009e-01 -3.649186449408367006e-01 1.889999999999999902e+00
0.000000000000000000e+00 0.000000000000000000e+00 0.000000000000000000e+00 1.000000000000000000e+00
9.993479140915765280e-01 1.312115645180907293e-02 -3.363899306135994388e-02 3.643000000000000127e-01
3.610737971952426156e-02 -3.647305881719896670e-01 9.304127337808230092e-01 -3.030299999999999994e+00
-6.107868008972672236e-05 -9.310206406439556215e-01 -3.649665230734364108e-01 1.889999999999999902e+00
0.000000000000000000e+00 0.000000000000000000e+00 0.000000000000000000e+00 1.000000000000000000e+00
9.973598428244091485e-01 2.644136658854847471e-02 -6.763281787859846961e-02 4.254999999999999893e-01
7.261777058248986005e-02 -3.638941183487323650e-01 9.286052606069103987e-01 -3.007600000000000051e+00
-5.759252161106898082e-05 -9.310649412173830353e-01 -3.648534937738334150e-01 1.889999999999999902e+00
0.000000000000000000e+00 0.000000000000000000e+00 0.000000000000000000e+00 1.000000000000000000e+00
9.940171364580167035e-01 3.990532865582813171e-02 -1.016734831343695106e-01 4.863999999999999990e-01
1.092242165745086480e-01 -3.627042228035917693e-01 9.254813435581115133e-01 -2.981899999999999995e+00
5.423549953824380321e-05 -9.310495215107050804e-01 -3.648928411920378534e-01 1.889999999999999902e+00
0.000000000000000000e+00 0.000000000000000000e+00 0.000000000000000000e+00 1.000000000000000000e+00
9.892683469744614211e-01 5.326957334852364806e-02 -1.360532624734986651e-01 5.469000000000000528e-01
1.461100097732932757e-01 -3.610050147439381463e-01 9.210468198597597800e-01 -2.953399999999999803e+00
-5.213889726232712185e-05 -9.310412084784404074e-01 -3.649140520677987554e-01 1.889999999999999902e+00
0.000000000000000000e+00 0.000000000000000000e+00 0.000000000000000000e+00 1.000000000000000000e+00
9.831616350267146087e-01 6.669358875312836332e-02 -1.701327852908600669e-01 6.070999999999999730e-01
1.827380621998205001e-01 -3.587926064269981730e-01 9.153549400078506704e-01 -2.922000000000000153e+00
5.920458835559361255e-06 -9.310315949486085429e-01 -3.649385827401624427e-01 1.889999999999999902e+00
0.000000000000000000e+00 0.000000000000000000e+00 0.000000000000000000e+00 1.000000000000000000e+00
9.755653067148545299e-01 8.012854465762517253e-02 -2.045769993557506883e-01 6.667999999999999483e-01
2.197096534867011564e-01 -3.558852701169561428e-01 9.083354791477292745e-01 -2.888100000000000112e+00
-2.234067044348808651e-05 -9.310881219545398269e-01 -3.647943374780676651e-01 1.889999999999999902e+00
0.000000000000000000e+00 0.000000000000000000e+00 0.000000000000000000e+00 1.000000000000000000e+00
9.666315680813873934e-01 9.345312070935093973e-02 -2.385160913192264642e-01 7.260999999999999677e-01
2.561706673817379931e-01 -3.527352822259546272e-01 8.999746717803623897e-01 -2.851599999999999913e+00
-2.759914967022381038e-05 -9.310447545111134593e-01 -3.649050072767258124e-01 1.889999999999999902e+00
0.000000000000000000e+00 0.000000000000000000e+00 0.000000000000000000e+00 1.000000000000000000e+00
9.562540911040200431e-01 1.068346006009416316e-01 -2.723315651210155286e-01 7.849000000000000421e-01
2.925373562412024175e-01 -3.489312931737916790e-01 8.903195200867346504e-01 -2.812699999999999978e+00
9.192514596967349405e-05 -9.310388395542383844e-01 -3.649200882265387080e-01 1.889999999999999902e+00
0.000000000000000000e+00 0.000000000000000000e+00 0.000000000000000000e+00 1.000000000000000000e+00
9.444989197117337199e-01 1.198343837653954441e-01 -3.058782619457224294e-01 8.433000000000000496e-01
3.285145113102197478e-01 -3.447599096689992204e-01 8.793286191996884105e-01 -2.771599999999999842e+00
-8.075874904694968492e-05 -9.310103786492346378e-01 -3.649926962631349081e-01 1.889999999999999902e+00
0.000000000000000000e+00 0.000000000000000000e+00 0.000000000000000000e+00 1.000000000000000000e+00
9.313256757031742605e-01 1.329327210922345293e-01 -3.390595485147707144e-01 9.011000000000000121e-01
3.641874255320457499e-01 -3.397666612852833223e-01 8.671367452503624396e-01 -2.728299999999999947e+00
6.971632943525429837e-05 -9.310679392729972470e-01 -3.648458408664783659e-01 1.889999999999999902e+00
0.000000000000000000e+00 0.000000000000000000e+00 0.000000000000000000e+00 1.000000000000000000e+00
9.168083885997202476e-01 1.457566563173487983e-01 -3.717759751952384173e-01 9.583000000000000407e-01
3.993273990061472212e-01 -3.344449879757528388e-01 8.536300008908332959e-01 -2.682999999999999829e+00
8.364310817793318975e-05 -9.310754787647912423e-01 -3.648265969563426192e-01 1.889999999999999902e+00
0.000000000000000000e+00 0.000000000000000000e+00 0.000000000000000000e+00 1.000000000000000000e+00
9.009864951112037668e-01 1.582728103694865107e-01 -4.039468444300234329e-01 1.014999999999999902e+00
4.338471325370910625e-01 -3.287658915279369487e-01 8.388621186805284013e-01 -2.635800000000000143e+00
-3.487940286467372530e-05 -9.310546203448998304e-01 -3.648798332572545378e-01 1.889999999999999902e+00
0.000000000000000000e+00 0.000000000000000000e+00 0.000000000000000000e+00 1.000000000000000000e+00
8.839176789383638155e-01 1.705740120684322847e-01 -4.354239810427232849e-01 1.070999999999999952e+00
4.676425197921705301e-01 -3.226160465169740643e-01 8.229394632730812065e-01 -2.586899999999999977e+00
-1.026773827534910311e-04 -9.310335079558823557e-01 -3.649336878402967277e-01 1.889999999999999902e+00
0.000000000000000000e+00 0.000000000000000000e+00 0.000000000000000000e+00 1.000000000000000000e+00
8.656441756315514935e-01 1.825997180336363934e-01 -4.661732555276074663e-01 1.126500000000000057e+00
5.006597200182559826e-01 -3.158596020449820352e-01 8.059606420584241038e-01 -2.536399999999999988e+00
-7.711298888704587462e-05 -9.310693071785914876e-01 -3.648423485336712568e-01 1.889999999999999902e+00
0.000000000000000000e+00 0.000000000000000000e+00 0.000000000000000000e+00 1.000000000000000000e+00
8.460808780100091964e-01 1.945834388878688037e-01 -4.962705241865397188e-01 1.181200000000000028e+00
5.330545406976257006e-01 -3.087316718344474409e-01 7.877420970393484989e-01 -2.484300000000000175e+00
6.713758438969819053e-05 -9.310327814405237046e-01 -3.649355496189247705e-01 1.889999999999999902e+00
0.000000000000000000e+00 0.000000000000000000e+00 0.000000000000000000e+00 1.000000000000000000e+00
8.254781683580433294e-01 2.058486886774390512e-01 -5.255588558230452900e-01 1.235300000000000065e+00
5.644340434600276790e-01 -3.011575303625526612e-01 7.685820401813273639e-01 -2.430800000000000072e+00
-6.440196748008775174e-05 -9.310910048301973552e-01 -3.647869742420631889e-01 1.889999999999999902e+00
0.000000000000000000e+00 0.000000000000000000e+00 0.000000000000000000e+00 1.000000000000000000e+00
8.038357300541744133e-01 2.169839804048420140e-01 -5.538646687918843403e-01 1.288599999999999968e+00
5.948513417918885882e-01 -2.932403118881393711e-01 7.484397107664296778e-01 -2.376100000000000101e+00
-1.602068520467625490e-05 -9.310897227074405036e-01 -3.647902520790813341e-01 1.889999999999999902e+00
0.000000000000000000e+00 0.000000000000000000e+00 0.000000000000000000e+00 1.000000000000000000e+00
7.812271680787414851e-01 2.277250951177964278e-01 -5.812274880881498351e-01 1.341199999999999948e+00
6.242468328568859803e-01 -2.850800213526275551e-01 7.273549842365367724e-01 -2.320300000000000029e+00
-5.936174523524240243e-05 -9.310588931314582872e-01 -3.648689271464579109e-01 1.889999999999999902e+00
0.000000000000000000e+00 0.000000000000000000e+00 0.000000000000000000e+00 1.000000000000000000e+00
7.575846787481795852e-01 2.381289003263935000e-01 -6.077500155124309078e-01 1.393000000000000016e+00
6.527368953208156910e-01 -2.763739201360554398e-01 7.053736610872080037e-01 -2.263399999999999856e+00
3.599983980084875412e-06 -9.310811366889416574e-01 -3.648121665858587437e-01 1.889999999999999902e+00
0.000000000000000000e+00 0.000000000000000000e+00 0.000000000000000000e+00 1.000000000000000000e+00
7.332316515059477124e-01 2.481034588092244086e-01 -6.331003229795100218e-01 1.443999999999999950e+00
6.799789295924549837e-01 -2.675019205350659401e-01 6.826942052049003173e-01 -2.205700000000000216e+00
2.324133196068833840e-05 -9.310678795001741115e-01 -3.648459993242214039e-01 1.889999999999999902e+00
0.000000000000000000e+00 0.000000000000000000e+00 0.000000000000000000e+00 1.000000000000000000e+00
7.080762401138873674e-01 2.576094184458498360e-01 -6.574689541827596351e-01 1.494099999999999984e+00
7.061359912273338368e-01 -2.583054895716083155e-01 6.592800891507059058e-01 -2.147200000000000220e+00
8.920270730239376888e-06 -9.310830583708217256e-01 -3.648072619003984718e-01 1.889999999999999902e+00
0.000000000000000000e+00 0.000000000000000000e+00 0.000000000000000000e+00 1.000000000000000000e+00
6.823673635124984926e-01 2.667206314965080982e-01 -6.806136098750197316e-01 1.543400000000000105e+00
7.310094196821141921e-01 -2.490972459226955815e-01 6.352761528734937047e-01 -2.088099999999999845e+00
-9.771908828093422983e-05 -9.310266735211359945e-01 -3.649511250060036849e-01 1.889999999999999902e+00
0.000000000000000000e+00 0.000000000000000000e+00 0.000000000000000000e+00 1.000000000000000000e+00
6.560215697651290423e-01 2.753801427705748206e-01 -7.027100945415210020e-01 1.591800000000000104e+00
7.547421409514276647e-01 -2.393282616230816839e-01 6.108078943993180410e-01 -2.028500000000000192e+00
2.597981346502686861e-05 -9.310680749312216786e-01 -3.648455004093072440e-01 1.889999999999999902e+00
0.000000000000000000e+00 0.000000000000000000e+00 0.000000000000000000e+00 1.000000000000000000e+00
6.290396191743694576e-01 2.836689188800710637e-01 -7.237686798766411744e-01 1.639199999999999990e+00
7.773732420649036579e-01 -2.295343345263090029e-01 5.856661436305373725e-01 -1.968499999999999917e+00
5.519501864947873315e-06 -9.310456131334147178e-01 -3.649028175207187918e-01 1.889999999999999902e+00
0.000000000000000000e+00 0.000000000000000000e+00 0.000000000000000000e+00 1.000000000000000000e+00
6.018446105703789684e-01 2.914642308937368531e-01 -7.435265071515011481e-01 1.685699999999999976e+00
7.986132119087047121e-01 -2.195927820055965651e-01 5.603534133525955863e-01 -1.908300000000000107e+00
4.992245119228577721e-05 -9.310357738564962737e-01 -3.649279179607719525e-01 1.889999999999999902e+00
0.000000000000000000e+00 0.000000000000000000e+00 0.000000000000000000e+00 1.000000000000000000e+00
5.743169045785152527e-01 2.986224659258555625e-01 -7.622235341156253785e-01 1.731300000000000061e+00
8.186330637418390843e-01 -2.095094698029945635e-01 5.347388979787408569e-01 -1.847900000000000098e+00
-8.000163043364594273e-06 -9.310909756340834953e-01 -3.647870543601677840e-01 1.889999999999999902e+00
0.000000000000000000e+00 0.000000000000000000e+00 0.000000000000000000e+00 1.000000000000000000e+00
5.464693845340462541e-01 3.056689434292545471e-01 -7.797036031658594046e-01 1.775800000000000045e+00
8.374790781946730434e-01 -1.993728613785148429e-01 5.088017843246468441e-01 -1.787600000000000078e+00
7.316543911872752659e-05 -9.310300527741233179e-01 -3.649425098261804834e-01 1.889999999999999902e+00
0.000000000000000000e+00 0.000000000000000000e+00 0.000000000000000000e+00 1.000000000000000000e+00
5.185869290396196707e-01 3.120100462238490358e-01 -7.960636457499161711e-01 1.819299999999999917e+00
8.550249043217370559e-01 -1.893483108743713728e-01 4.827832123827698330e-01 -1.727300000000000058e+00
-1.000942595942855284e-04 -9.310193060427984779e-01 -3.649699189751467454e-01 1.889999999999999902e+00
0.000000000000000000e+00 0.000000000000000000e+00 0.000000000000000000e+00 1.000000000000000000e+00
4.906350284321761013e-01 3.179368653274086687e-01 -8.112912045259328409e-01 1.861699999999999910e+00
8.713651750426434361e-01 -1.790451815096787413e-01 4.567992498910977694e-01 -1.667399999999999993e+00
-2.445937726419655789e-05 -9.310526154004119537e-01 -3.648849500291722059e-01 1.889999999999999902e+00
0.000000000000000000e+00 0.000000000000000000e+00 0.000000000000000000e+00 1.000000000000000000e+00
4.628809318963559849e-01 3.235069281237717420e-01 -8.252784441282117189e-01 1.903000000000000025e+00
8.864204661675991748e-01 -1.689253363627191695e-01 4.309559001730437489e-01 -1.607699999999999907e+00
6.780654536575614344e-06 -9.310249718405317898e-01 -3.649554791524026176e-01 1.889999999999999902e+00
0.000000000000000000e+00 0.000000000000000000e+00 0.000000000000000000e+00 1.000000000000000000e+00
4.351868985219318753e-01 3.284447044531332294e-01 -8.382937668094376793e-01 1.943200000000000038e+00
9.003401372958538262e-01 -1.587802654871813268e-01 4.051869500192514795e-01 -1.548599999999999977e+00
-2.299880291234401852e-05 -9.310815772039064964e-01 -3.648110415852854338e-01 1.889999999999999902e+00
0.000000000000000000e+00 0.000000000000000000e+00 0.000000000000000000e+00 1.000000000000000000e+00
4.076683839391281872e-01 3.331758541993186662e-01 -8.501766515936637347e-01 1.982199999999999962e+00
9.131300502683394882e-01 -1.487527902552912007e-01 3.795604282432579191e-01 -1.490199999999999969e+00
-5.779234251435116931e-06 -9.310566349958631083e-01 -3.648746941030314161e-01 1.889999999999999902e+00
0.000000000000000000e+00 0.000000000000000000e+00 0.000000000000000000e+00 1.000000000000000000e+00
3.805925139734153695e-01 3.373669718481865365e-01 -8.610068899918168484e-01 2.020099999999999785e+00
9.247428496940227616e-01 -1.388328720583281162e-01 3.543671762110792156e-01 -1.432399999999999896e+00
1.572176115161028065e-05 -9.310794595210556412e-01 -3.648164467383637755e-01 1.889999999999999902e+00
0.000000000000000000e+00 0.000000000000000000e+00 0.000000000000000000e+00 1.000000000000000000e+00
3.537890188256731516e-01 3.413807120222896452e-01 -8.707999423619192658e-01 2.056700000000000195e+00
9.353252536690528363e-01 -1.291307599456938959e-01 3.293811116089834234e-01 -1.375599999999999934e+00
-2.699910092940349671e-06 -9.310125972805104455e-01 -3.649870459313706572e-01 1.889999999999999902e+00
0.000000000000000000e+00 0.000000000000000000e+00 0.000000000000000000e+00 1.000000000000000000e+00
3.274818750565346437e-01 3.446865592726691685e-01 -8.797424608180650640e-01 2.092099999999999849e+00
9.448574593472285343e-01 -1.195204757320444400e-01 3.048921733936215683e-01 -1.319800000000000084e+00
-5.500324244117615891e-05 -9.310778870414408992e-01 -3.648204561658910383e-01 1.889999999999999902e+00
0.000000000000000000e+00 0.000000000000000000e+00 0.000000000000000000e+00 1.000000000000000000e+00
3.018987391643656593e-01 3.478846951430943912e-01 -8.875997916719915448e-01 2.126300000000000079e+00
9.533399898779882919e-01 -1.100467386071070641e-01 2.811273359553926876e-01 -1.264999999999999902e+00
1.224353033817959790e-04 -9.310563646778509117e-01 -3.648753633810608021e-01 1.889999999999999902e+00
0.000000000000000000e+00 0.000000000000000000e+00 0.000000000000000000e+00 1.000000000000000000e+00
2.769196679179840026e-01 3.505067964500749311e-01 -8.946845718813412063e-01 2.159100000000000019e+00
9.608930688788399621e-01 -1.010975473423661453e-01 2.578057332604581364e-01 -1.211600000000000010e+00
-8.775419067258427575e-05 -9.310876819954516659e-01 -3.647954505411743487e-01 1.889999999999999902e+00
0.000000000000000000e+00 0.000000000000000000e+00 0.000000000000000000e+00 1.000000000000000000e+00
2.526460672191723766e-01 3.530172801220676226e-01 -9.008600139055473743e-01 2.190599999999999881e+00
9.675587654770410051e-01 -9.218671238773945564e-02 2.352267956838348106e-01 -1.159499999999999975e+00
-8.199379388951211212e-06 -9.310641277561702012e-01 -3.648555740815977999e-01 1.889999999999999902e+00
0.000000000000000000e+00 0.000000000000000000e+00 0.000000000000000000e+00 1.000000000000000000e+00
2.289925648292520100e-01 3.552131441848194737e-01 -9.063034963251854759e-01 2.220800000000000107e+00
9.734281669952014049e-01 -8.365205353337312744e-02 2.131664552409977542e-01 -1.108999999999999986e+00
-9.462179119051894460e-05 -9.310348844903635346e-01 -3.649301781282717760e-01 1.889999999999999902e+00
0.000000000000000000e+00 0.000000000000000000e+00 0.000000000000000000e+00 1.000000000000000000e+00
2.063061555653790125e-01 3.570864648954701903e-01 -9.110033077680285141e-01 2.249600000000000044e+00
9.784874876383202746e-01 -7.536673432498264269e-02 1.920471085240156306e-01 -1.060000000000000053e+00
-8.192118949557070096e-05 -9.310258384951746180e-01 -3.649532591213226485e-01 1.889999999999999902e+00
0.000000000000000000e+00 0.000000000000000000e+00 0.000000000000000000e+00 1.000000000000000000e+00
1.845121952304962232e-01 3.586007823186532772e-01 -9.150741657000669438e-01 2.277000000000000135e+00
9.828302188268658313e-01 -6.722380186135823443e-02 1.718305020188215515e-01 -1.012899999999999912e+00
1.037880466871476948e-04 -9.310673656528591913e-01 -3.648472966109061466e-01 1.889999999999999902e+00
0.000000000000000000e+00 0.000000000000000000e+00 0.000000000000000000e+00 1.000000000000000000e+00
1.636116032521093278e-01 3.599926213436684397e-01 -9.184969002992815490e-01 2.302900000000000169e+00
9.865248313837515770e-01 -5.972100218314424502e-02 1.523225490907416657e-01 -9.676000000000000156e-01
-1.856165105884599598e-05 -9.310417361624316879e-01 -3.649127089854642403e-01 1.889999999999999902e+00
0.000000000000000000e+00 0.000000000000000000e+00 0.000000000000000000e+00 1.000000000000000000e+00
1.439269429294481872e-01 3.610922980191348386e-01 -9.213562760464832913e-01 2.327399999999999913e+00
9.895883159529959006e-01 -5.252271314643286448e-02 1.340012295952944243e-01 -9.243000000000000105e-01
-5.319460500419204152e-06 -9.310497929300010078e-01 -3.648921526378796076e-01 1.889999999999999902e+00
0.000000000000000000e+00 0.000000000000000000e+00 0.000000000000000000e+00 1.000000000000000000e+00
1.251164831085866957e-01 3.620046524246036124e-01 -9.237415749426247658e-01 2.350299999999999834e+00
9.921420562444795976e-01 -4.557948165354153147e-02 1.165188872379512852e-01 -8.831999999999999851e-01
7.671710776513407382e-05 -9.310612989890283409e-01 -3.648627846730177482e-01 1.889999999999999902e+00
0.000000000000000000e+00 0.000000000000000000e+00 0.000000000000000000e+00 1.000000000000000000e+00
1.077113654753889538e-01 3.627560458847666203e-01 -9.256383272755492886e-01 2.371799999999999908e+00
9.941822071134270855e-01 -3.927500180993537260e-02 1.002956294755907307e-01 -8.443000000000000504e-01
2.839898899598125581e-05 -9.310561344016154983e-01 -3.648759704154530548e-01 1.889999999999999902e+00
0.000000000000000000e+00 0.000000000000000000e+00 0.000000000000000000e+00 1.000000000000000000e+00
9.110230002536923166e-02 3.634017884097455187e-01 -9.271674665941888049e-01 2.391700000000000159e+00
9.958415368528144018e-01 -3.330706407149941484e-02 8.479547724708935696e-02 -8.077999999999999625e-01
-6.639813421238649482e-05 -9.310369378620462211e-01 -3.649249456090281618e-01 1.889999999999999902e+00
0.000000000000000000e+00 0.000000000000000000e+00 0.000000000000000000e+00 1.000000000000000000e+00
7.596782267719059956e-02 3.638732138954084983e-01 -9.283453959206742212e-01 2.410000000000000142e+00
9.971102695516601555e-01 -2.770735899919063439e-02 7.073480481280702836e-02 -7.738000000000000433e-01
1.650160148042312258e-05 -9.310362970726310250e-01 -3.649265861251831944e-01 1.889999999999999902e+00
0.000000000000000000e+00 0.000000000000000000e+00 0.000000000000000000e+00 1.000000000000000000e+00
6.206530154270750721e-02 3.642266112466123751e-01 -9.292399442577905511e-01 2.426699999999999857e+00
9.980720882465106136e-01 -2.271551237811586521e-02 5.775908725602313387e-02 -7.425000000000000488e-01
-7.076483606882622013e-05 -9.310332868148207819e-01 -3.649342596073014144e-01 1.889999999999999902e+00
0.000000000000000000e+00 0.000000000000000000e+00 0.000000000000000000e+00 1.000000000000000000e+00
4.944866972815153972e-02 3.644162943313529746e-01 -9.299223588493401582e-01 2.441800000000000193e+00
9.987766661136514568e-01 -1.805782020161972312e-02 4.603353512892305321e-02 -7.138999999999999790e-01
-1.700047091313106051e-05 -9.310610503910958791e-01 -3.648634267169201251e-01 1.889999999999999902e+00
0.000000000000000000e+00 0.000000000000000000e+00 0.000000000000000000e+00 1.000000000000000000e+00
3.815853654134304662e-02 3.646366709892020497e-01 -9.303676822949813463e-01 2.455200000000000049e+00
9.992716977410330825e-01 -1.393673914960569249e-02 3.552240695151925864e-02 -6.883000000000000229e-01
-1.351948504274558260e-05 -9.310455764739922202e-01 -3.649029108481257055e-01 1.889999999999999902e+00
0.000000000000000000e+00 0.000000000000000000e+00 0.000000000000000000e+00 1.000000000000000000e+00
2.827993275447859833e-02 3.646486469901933369e-01 -9.307156438201860116e-01 2.466899999999999871e+00
9.996000414339234474e-01 -1.026915669425387811e-02 2.634960314857826003e-02 -6.655999999999999694e-01
5.068235267474685557e-05 -9.310885611310076859e-01 -3.647932137009800568e-01 1.889999999999999902e+00
0.000000000000000000e+00 0.000000000000000000e+00 0.000000000000000000e+00 1.000000000000000000e+00
1.984724705091089891e-02 3.647960815101741194e-01 -9.308758809311381555e-01 2.476900000000000102e+00
9.998030238760122757e-01 -7.255835583928393895e-03 1.847339433782996254e-02 -6.461000000000000076e-01
-1.526047444816436283e-05 -9.310591666294905089e-01 -3.648682337533874498e-01 1.889999999999999902e+00
0.000000000000000000e+00 0.000000000000000000e+00 0.000000000000000000e+00 1.000000000000000000e+00
1.271000360522134276e-02 3.648389799886252449e-01 -9.309838744517624498e-01 2.485100000000000087e+00
9.999192227954812884e-01 -4.580898570343161502e-03 1.185593743105944897e-02 -6.298000000000000265e-01
6.076541966787418758e-05 -9.310593611844242279e-01 -3.648677325530662596e-01 1.889999999999999902e+00
0.000000000000000000e+00 0.000000000000000000e+00 0.000000000000000000e+00 1.000000000000000000e+00
7.218291291850031932e-03 3.648587242843153167e-01 -9.310349121190076849e-01 2.491600000000000037e+00
9.999739469635187117e-01 -2.595732532626682243e-03 6.735545027773071070e-03 -6.169999999999999929e-01
4.080475579415487886e-05 -9.310592749584966077e-01 -3.648679553601971159e-01 1.889999999999999902e+00
0.000000000000000000e+00 0.000000000000000000e+00 0.000000000000000000e+00 1.000000000000000000e+00
3.255772883305918519e-03 3.649403658976955733e-01 -9.310252033545538541e-01 2.496199999999999974e+00
9.999946999464695008e-01 -1.183811956500635532e-03 3.032930632599295517e-03 -6.076000000000000290e-01
4.680047268557085971e-06 -9.310301434044483404e-01 -3.649422859170878275e-01 1.889999999999999902e+00
0.000000000000000000e+00 0.000000000000000000e+00 0.000000000000000000e+00 1.000000000000000000e+00
