7.453488253266297159e-01 1.039401503999317078e-01 -6.585222651657671733e-01 -4.973200000000000287e+00
-6.666652267936923337e-01 1.109443324909875350e-01 -7.370541570822622957e-01 -4.330000000000000071e+00
-3.550206800756017245e-03 9.883763454388055925e-01 1.519855118381455150e-01 1.677000000000000046e+00
0.000000000000000000e+00 0.000000000000000000e+00 0.000000000000000000e+00 1.000000000000000000e+00
7.454437167301886102e-01 1.038040862316810253e-01 -6.584363119308411783e-01 -4.972400000000000375e+00
-6.665597569522271337e-01 1.110047324898052745e-01 -7.371404477958420909e-01 -4.330300000000000260e+00
-3.428643940402598123e-03 9.883838632062305063e-01 1.519394068510781515e-01 1.677000000000000046e+00
0.000000000000000000e+00 0.000000000000000000e+00 0.000000000000000000e+00 1.000000000000000000e+00
7.456192502601848293e-01 1.037945641353734683e-01 -6.582390311257664273e-01 -4.970100000000000406e+00
-6.663632930952824163e-01 1.110240364134691127e-01 -7.373151462934092182e-01 -4.331100000000000172e+00
-3.448950079459778273e-03 9.883826950095840891e-01 1.519465463541072592e-01 1.677000000000000046e+00
0.000000000000000000e+00 0.000000000000000000e+00 0.000000000000000000e+00 1.000000000000000000e+00
7.459423282893526963e-01 1.038923949910109390e-01 -6.578574413421887090e-01 -4.966400000000000148e+00
-6.660007133642604771e-01 1.109929992507375784e-01 -7.376473438680721806e-01 -4.332499999999999574e+00
-3.618378719226100770e-03 9.883759023672913369e-01 1.519867854620483849e-01 1.677000000000000046e+00
0.000000000000000000e+00 0.000000000000000000e+00 0.000000000000000000e+00 1.000000000000000000e+00
7.464547298628503302e-01 1.037180135333883868e-01 -6.573035143174476014e-01 -4.961199999999999832e+00
-6.654267591888550770e-01 1.110826127779785122e-01 -7.381516655090845092e-01 -4.334500000000000242e+00
-3.544632674434833319e-03 9.883841494111009762e-01 1.519348833286739975e-01 1.677000000000000046e+00
0.000000000000000000e+00 0.000000000000000000e+00 0.000000000000000000e+00 1.000000000000000000e+00
7.469358551057644346e-01 1.036022597914523780e-01 -6.567749996182292715e-01 -4.954600000000000115e+00
-6.648873227944442910e-01 1.113074507260329860e-01 -7.386037499228583769e-01 -4.336999999999999744e+00
-3.417066674352486899e-03 9.883709947074410529e-01 1.520233550358854324e-01 1.677000000000000046e+00
0.000000000000000000e+00 0.000000000000000000e+00 0.000000000000000000e+00 1.000000000000000000e+00
7.475586085835372874e-01 1.034956406413910512e-01 -6.560829056612234034e-01 -4.946500000000000341e+00
-6.641864214212583883e-01 1.112205278132915864e-01 -7.392471790900222439e-01 -4.339999999999999858e+00
-3.538973335343698068e-03 9.883919498666310366e-01 1.518842622083369509e-01 1.677000000000000046e+00
0.000000000000000000e+00 0.000000000000000000e+00 0.000000000000000000e+00 1.000000000000000000e+00
7.484550260471881655e-01 1.033411966140245775e-01 -6.550844762830856371e-01 -4.937000000000000277e+00
-6.631765279281334191e-01 1.114742890281765486e-01 -7.401151097571567750e-01 -4.343600000000000350e+00
-3.459304827372389202e-03 9.883795222322466767e-01 1.519669478606030522e-01 1.677000000000000046e+00
0.000000000000000000e+00 0.000000000000000000e+00 0.000000000000000000e+00 1.000000000000000000e+00
7.493806716807298596e-01 1.031279683674257708e-01 -6.540590424814454185e-01 -4.926099999999999923e+00
-6.621305170167658405e-01 1.115923512181362098e-01 -7.410332823731459184e-01 -4.347599999999999909e+00
-3.433270517800124377e-03 9.883884708402944641e-01 1.519093261242911441e-01 1.677000000000000046e+00
0.000000000000000000e+00 0.000000000000000000e+00 0.000000000000000000e+00 1.000000000000000000e+00
7.503544533274451034e-01 1.030995565433259209e-01 -6.529461507752690741e-01 -4.913899999999999935e+00
-6.610264545946926695e-01 1.118050038681453473e-01 -7.419862986848305697e-01 -4.352100000000000080e+00
-3.495811442510321498e-03 9.883674026143381974e-01 1.520449168888748925e-01 1.677000000000000046e+00
0.000000000000000000e+00 0.000000000000000000e+00 0.000000000000000000e+00 1.000000000000000000e+00
7.514511211199669249e-01 1.028761626472528001e-01 -6.517190404818020699e-01 -4.900199999999999889e+00
-6.597795327360640449e-01 1.119417662836671157e-01 -7.430746995719026415e-01 -4.357099999999999973e+00
-3.490093139988048598e-03 9.883752000734682408e-01 1.519943522950948089e-01 1.677000000000000046e+00
0.000000000000000000e+00 0.000000000000000000e+00 0.000000000000000000e+00 1.000000000000000000e+00
7.527848024259455872e-01 1.026236535950282303e-01 -6.502179841863322540e-01 -4.885299999999999976e+00
-6.582573272112203222e-01 1.120877201915060906e-01 -7.444015275071719229e-01 -4.362599999999999589e+00
-3.511753019543317755e-03 9.883849091852211499e-01 1.519307042228510984e-01 1.677000000000000046e+00
0.000000000000000000e+00 0.000000000000000000e+00 0.000000000000000000e+00 1.000000000000000000e+00
7.540502596682556735e-01 1.023899067887981129e-01 -6.487869549258966639e-01 -4.868999999999999773e+00
-6.568072562486173549e-01 1.122427869615062745e-01 -7.456579543693456769e-01 -4.368500000000000050e+00
-3.526192479051337703e-03 9.883915538706790072e-01 1.518871363997146284e-01 1.677000000000000046e+00
0.000000000000000000e+00 0.000000000000000000e+00 0.000000000000000000e+00 1.000000000000000000e+00
7.555209079156053331e-01 1.021846705252234533e-01 -6.471062129295552801e-01 -4.851399999999999935e+00
-6.551151056808302009e-01 1.125426551297673827e-01 -7.470999592324556460e-01 -4.374900000000000233e+00
-3.515111829515638053e-03 9.883786945730839157e-01 1.519710502129673069e-01 1.677000000000000046e+00
0.000000000000000000e+00 0.000000000000000000e+00 0.000000000000000000e+00 1.000000000000000000e+00
7.571454122132013076e-01 1.018229902635363615e-01 -6.452618874676336880e-01 -4.832499999999999574e+00
-6.532375811174478963e-01 1.128913961421774970e-01 -7.486896521876708066e-01 -4.381700000000000372e+00
-3.389303811557886625e-03 9.883762498820282127e-01 1.519898065292907274e-01 1.677000000000000046e+00
0.000000000000000000e+00 0.000000000000000000e+00 0.000000000000000000e+00 1.000000000000000000e+00
7.588098178403982486e-01 1.015487976723469798e-01 -6.433471085194387706e-01 -4.812400000000000233e+00
-6.513031152586261641e-01 1.130731312549808354e-01 -7.503457330075268272e-01 -4.388899999999999579e+00
-3.451434981359247089e-03 9.883836849521013823e-01 1.519400504050029133e-01 1.677000000000000046e+00
0.000000000000000000e+00 0.000000000000000000e+00 0.000000000000000000e+00 1.000000000000000000e+00
7.605034410313079585e-01 1.013124529821379238e-01 -6.413815580840176445e-01 -4.791000000000000369e+00
-6.493246401419638936e-01 1.133803729851653730e-01 -7.520122357556785486e-01 -4.396499999999999631e+00
-3.468123995617022892e-03 9.883727423864375750e-01 1.520108358751577071e-01 1.677000000000000046e+00
0.000000000000000000e+00 0.000000000000000000e+00 0.000000000000000000e+00 1.000000000000000000e+00
7.623291562795683207e-01 1.010269289151355387e-01 -6.392556742963316774e-01 -4.768299999999999983e+00
-6.471797671728565238e-01 1.135796912810934645e-01 -7.538288948366060893e-01 -4.404499999999999638e+00
-3.550556036568286444e-03 9.883790838349766350e-01 1.519676945582959515e-01 1.677000000000000046e+00
0.000000000000000000e+00 0.000000000000000000e+00 0.000000000000000000e+00 1.000000000000000000e+00
7.643038469908194354e-01 1.005847992747271880e-01 -6.369633644330707778e-01 -4.744500000000000384e+00
-6.448466920089218624e-01 1.138264352775424093e-01 -7.557885196516006543e-01 -4.412899999999999601e+00
-3.517567367492924202e-03 9.883957915667539451e-01 1.518597574505664016e-01 1.677000000000000046e+00
0.000000000000000000e+00 0.000000000000000000e+00 0.000000000000000000e+00 1.000000000000000000e+00
7.664128128083278479e-01 1.001880739108317320e-01 -6.344869976676155154e-01 -4.719400000000000261e+00
-6.423390671932063256e-01 1.142270955344557859e-01 -7.578606028836200048e-01 -4.421700000000000408e+00
-3.452987197862800173e-03 9.883898626006845101e-01 1.518998235272555064e-01 1.677000000000000046e+00
0.000000000000000000e+00 0.000000000000000000e+00 0.000000000000000000e+00 1.000000000000000000e+00
7.684835167371202314e-01 9.990877714711299262e-02 -6.320216141496401985e-01 -4.693200000000000038e+00
-6.398599141110706823e-01 1.145584187876181326e-01 -7.599050328815134536e-01 -4.430799999999999628e+00
-3.517785826547825678e-03 9.883797878011514326e-01 1.519638781060463906e-01 1.677000000000000046e+00
0.000000000000000000e+00 0.000000000000000000e+00 0.000000000000000000e+00 1.000000000000000000e+00
7.707734752999708672e-01 9.944285997472973593e-02 -6.293006971027854668e-01 -4.665700000000000180e+00
-6.370995394504994636e-01 1.148387135742146570e-01 -7.621786186298993293e-01 -4.440299999999999692e+00
-3.525139141505484464e-03 9.883942469807613929e-01 1.518696346521161145e-01 1.677000000000000046e+00
0.000000000000000000e+00 0.000000000000000000e+00 0.000000000000000000e+00 1.000000000000000000e+00
7.730861414704539580e-01 9.901309845686573352e-02 -6.265255175970858570e-01 -4.637199999999999989e+00
-6.342914562894961250e-01 1.152437415322908609e-01 -7.644561652022885401e-01 -4.450199999999999712e+00
-3.488028737788972933e-03 9.883902500387229395e-01 1.518965018817576840e-01 1.677000000000000046e+00
0.000000000000000000e+00 0.000000000000000000e+00 0.000000000000000000e+00 1.000000000000000000e+00
7.754654723785168180e-01 9.870896031891313038e-02 -6.236263643412801594e-01 -4.607499999999999929e+00
-6.313797459501857556e-01 1.156088103949369228e-01 -7.668078112297411764e-01 -4.460300000000000153e+00
-3.594099698494224171e-03 9.883780370444432695e-01 1.519734790531904745e-01 1.677000000000000046e+00
0.000000000000000000e+00 0.000000000000000000e+00 0.000000000000000000e+00 1.000000000000000000e+00
7.779241006835230232e-01 9.826542192689741162e-02 -6.206271025577765332e-01 -4.576699999999999768e+00
-6.283480668475467379e-01 1.160294255567889676e-01 -7.692307061564251924e-01 -4.470799999999999663e+00
-3.577773704833142610e-03 9.883729454302614403e-01 1.520069744348153118e-01 1.677000000000000046e+00
0.000000000000000000e+00 0.000000000000000000e+00 0.000000000000000000e+00 1.000000000000000000e+00
7.804608594902399110e-01 9.768203216643972508e-02 -6.175265722182248229e-01 -4.544800000000000395e+00
-6.251951867093721305e-01 1.165047086367006213e-01 -7.717238051148289646e-01 -4.481499999999999595e+00
-3.438796183129311235e-03 9.883748648449695029e-01 1.519977013757075612e-01 1.677000000000000046e+00
0.000000000000000000e+00 0.000000000000000000e+00 0.000000000000000000e+00 1.000000000000000000e+00
7.830877348120574011e-01 9.716927970317196239e-02 -6.142733354695508741e-01 -4.511800000000000033e+00
-6.219014382488368131e-01 1.168025512849970859e-01 -7.743356927827514946e-01 -4.492600000000000371e+00
-3.492948746968205231e-03 9.883902544517940703e-01 1.518963601070437153e-01 1.677000000000000046e+00
0.000000000000000000e+00 0.000000000000000000e+00 0.000000000000000000e+00 1.000000000000000000e+00
7.857940678848313043e-01 9.660707844582955284e-02 -6.108966813391363271e-01 -4.477699999999999569e+00
-6.184792518570421116e-01 1.174180919882556046e-01 -7.769790259049407233e-01 -4.503899999999999793e+00
-3.331350981564173974e-03 9.883724318636160078e-01 1.520159137479979994e-01 1.677000000000000046e+00
0.000000000000000000e+00 0.000000000000000000e+00 0.000000000000000000e+00 1.000000000000000000e+00
7.885564609972057770e-01 9.607975031862514559e-02 -6.074103961888313030e-01 -4.442599999999999660e+00
-6.149529327262897027e-01 1.177296981623299765e-01 -7.797259830876115405e-01 -4.515500000000000291e+00
-3.405635168029885751e-03 9.883867662758933914e-01 1.519210383712043810e-01 1.677000000000000046e+00
0.000000000000000000e+00 0.000000000000000000e+00 0.000000000000000000e+00 1.000000000000000000e+00
7.914080228062000399e-01 9.571386345492177705e-02 -6.037484557168768529e-01 -4.406500000000000306e+00
-6.112777753210980602e-01 1.181287013569692623e-01 -7.825503762149788045e-01 -4.527400000000000091e+00
-3.580898835527979163e-03 9.883746588507054120e-01 1.519957594976950876e-01 1.677000000000000046e+00
0.000000000000000000e+00 0.000000000000000000e+00 0.000000000000000000e+00 1.000000000000000000e+00
7.942555222652009084e-01 9.507972602736991519e-02 -6.000983344834356359e-01 -4.369399999999999729e+00
-6.075738551067286775e-01 1.186172655714012869e-01 -7.853559415316803127e-01 -4.539500000000000313e+00
-3.489404244421900891e-03 9.883773520305513260e-01 1.519803739010239796e-01 1.677000000000000046e+00
0.000000000000000000e+00 0.000000000000000000e+00 0.000000000000000000e+00 1.000000000000000000e+00
7.972468262725058707e-01 9.443155494197918998e-02 -5.962215858467864171e-01 -4.331199999999999939e+00
-6.036437793501172600e-01 1.191208419355010983e-01 -7.883047714358226710e-01 -4.551800000000000068e+00
-3.418428048677313313e-03 9.883789285733572960e-01 1.519717338910716031e-01 1.677000000000000046e+00
0.000000000000000000e+00 0.000000000000000000e+00 0.000000000000000000e+00 1.000000000000000000e+00
8.002923602248613877e-01 9.390837464273099622e-02 -5.922105667224126790e-01 -4.292099999999999582e+00
-5.995998229546526392e-01 1.195852000433725582e-01 -7.913150019071643060e-01 -4.564400000000000013e+00
-3.491486570212753993e-03 9.883727015162583340e-01 1.520105668004135546e-01 1.677000000000000046e+00
0.000000000000000000e+00 0.000000000000000000e+00 0.000000000000000000e+00 1.000000000000000000e+00
8.032442993301627254e-01 9.325529823467226809e-02 -5.883043812047963339e-01 -4.252100000000000435e+00
-5.956399042123607934e-01 1.200826392338819187e-01 -7.942249456322278967e-01 -4.577099999999999724e+00
-3.420541402421983790e-03 9.883742252334324352e-01 1.520022723209314697e-01 1.677000000000000046e+00
0.000000000000000000e+00 0.000000000000000000e+00 0.000000000000000000e+00 1.000000000000000000e+00
8.064318106162485789e-01 9.266340580169196706e-02 -5.840215989596873047e-01 -4.211100000000000065e+00
-5.913163707782213008e-01 1.204203841657029983e-01 -7.973981945847741226e-01 -4.590099999999999625e+00
-3.561527182551815773e-03 9.883888021940632207e-01 1.519042172604582186e-01 1.677000000000000046e+00
0.000000000000000000e+00 0.000000000000000000e+00 0.000000000000000000e+00 1.000000000000000000e+00
8.095275976983131727e-01 9.202719739025744250e-02 -5.798241660238838691e-01 -4.169200000000000017e+00
-5.870715666412472666e-01 1.210558357695281084e-01 -8.004326706647676426e-01 -4.603299999999999947e+00
-3.470476363486685312e-03 9.883706185265906941e-01 1.520245908633693910e-01 1.677000000000000046e+00
0.000000000000000000e+00 0.000000000000000000e+00 0.000000000000000000e+00 1.000000000000000000e+00
8.127300663528717051e-01 9.134174595992539114e-02 -5.754359431692195326e-01 -4.126400000000000290e+00
-5.826302427387839433e-01 1.215785566123858130e-01 -8.035923436781826634e-01 -4.616600000000000037e+00
-3.440856318193075136e-03 9.883700420475325377e-01 1.520290120034863968e-01 1.677000000000000046e+00
0.000000000000000000e+00 0.000000000000000000e+00 0.000000000000000000e+00 1.000000000000000000e+00
8.160866817955110264e-01 9.059020864721945010e-02 -5.707853728795487802e-01 -4.082600000000000229e+00
-5.779190539320788744e-01 1.219756750176939908e-01 -8.069271973395298891e-01 -4.630099999999999660e+00
-3.477772022895009307e-03 9.883902816201862729e-01 1.518965315618682199e-01 1.677000000000000046e+00
0.000000000000000000e+00 0.000000000000000000e+00 0.000000000000000000e+00 1.000000000000000000e+00
8.193589546802447776e-01 9.000973462521685842e-02 -5.661706024318062802e-01 -4.038100000000000023e+00
-5.732695291231286738e-01 1.224440059057725766e-01 -8.101663485955791222e-01 -4.643699999999999939e+00
-3.598661451534146405e-03 9.883854071618242143e-01 1.519254308709113988e-01 1.677000000000000046e+00
0.000000000000000000e+00 0.000000000000000000e+00 0.000000000000000000e+00 1.000000000000000000e+00
8.226649956714313650e-01 8.933555959812383707e-02 -5.614636788682003665e-01 -3.992599999999999927e+00
-5.685153462263372592e-01 1.230996744951228655e-01 -8.134105797469947108e-01 -4.657499999999999751e+00
-3.550493215222605414e-03 9.883651288519260669e-01 1.520584297809359220e-01 1.677000000000000046e+00
0.000000000000000000e+00 0.000000000000000000e+00 0.000000000000000000e+00 1.000000000000000000e+00
8.260220793940339368e-01 8.843526196723042188e-02 -5.566567423415829108e-01 -3.946400000000000130e+00
-5.636271277241786670e-01 1.235350311607940482e-01 -8.167395894466570327e-01 -4.671400000000000219e+00
-3.461971540689834370e-03 9.883917748124418923e-01 1.518871760095713008e-01 1.677000000000000046e+00
0.000000000000000000e+00 0.000000000000000000e+00 0.000000000000000000e+00 1.000000000000000000e+00
8.294441921850965738e-01 8.769212703203208004e-02 -5.516633238733661404e-01 -3.899300000000000210e+00
-5.585787555344987609e-01 1.240590628271510815e-01 -8.201214073513625191e-01 -4.685399999999999565e+00
-3.479355679303741677e-03 9.883923511374654858e-01 1.518830283376321477e-01 1.677000000000000046e+00
0.000000000000000000e+00 0.000000000000000000e+00 0.000000000000000000e+00 1.000000000000000000e+00
8.328143745486432659e-01 8.699410768886969847e-02 -5.466737992373233990e-01 -3.851399999999999935e+00
-5.535415919426485143e-01 1.247188155159174444e-01 -8.234299745855166996e-01 -4.699600000000000222e+00
-3.453047168870349015e-03 9.883710043722062633e-01 1.520224791980635815e-01 1.677000000000000046e+00
0.000000000000000000e+00 0.000000000000000000e+00 0.000000000000000000e+00 1.000000000000000000e+00
8.363226653302536784e-01 8.623071760308409495e-02 -5.414135783267332025e-01 -3.802700000000000191e+00
-5.482264203956289661e-01 1.252505949326457313e-01 -8.268978657906992380e-01 -4.713799999999999990e+00
-3.491623561554857424e-03 9.883706550736294227e-01 1.520238690279554217e-01 1.677000000000000046e+00
0.000000000000000000e+00 0.000000000000000000e+00 0.000000000000000000e+00 1.000000000000000000e+00
8.397969535269063091e-01 8.546397403897296186e-02 -5.361315006492277657e-01 -3.753299999999999859e+00
-5.428891364568915190e-01 1.257774897165868100e-01 -8.303321074110555644e-01 -4.728100000000000414e+00
-3.530207361857662374e-03 9.883703416341770298e-01 1.520250157504435817e-01 1.677000000000000046e+00
0.000000000000000000e+00 0.000000000000000000e+00 0.000000000000000000e+00 1.000000000000000000e+00
8.433157546862901643e-01 8.455188329839935513e-02 -5.307254628605894142e-01 -3.703100000000000058e+00
-5.374073667079930505e-01 1.263475718584409768e-01 -8.338043015561005245e-01 -4.742499999999999716e+00
-3.443850442992113514e-03 9.883760772682479434e-01 1.519897028681757578e-01 1.677000000000000046e+00
0.000000000000000000e+00 0.000000000000000000e+00 0.000000000000000000e+00 1.000000000000000000e+00
8.468647878273054541e-01 8.376432958517657235e-02 -5.251700374425020135e-01 -3.652200000000000113e+00
-5.317967270007920577e-01 1.268804412609094157e-01 -8.373133193594152202e-01 -4.756899999999999906e+00
-3.503182761167233927e-03 9.883748735750940151e-01 1.519961742806674454e-01 1.677000000000000046e+00
0.000000000000000000e+00 0.000000000000000000e+00 0.000000000000000000e+00 1.000000000000000000e+00
8.503764656163790292e-01 8.297326124301748762e-02 -5.195914786103534855e-01 -3.600600000000000023e+00
-5.261626886366715938e-01 1.274080666327934430e-01 -8.407853528954479794e-01 -4.771399999999999864e+00
-3.562557006476951837e-03 9.883737261155781662e-01 1.520022556147899717e-01 1.677000000000000046e+00
0.000000000000000000e+00 0.000000000000000000e+00 0.000000000000000000e+00 1.000000000000000000e+00
8.539270271217811459e-01 8.203604463147118331e-02 -5.138859014724767027e-01 -3.548200000000000021e+00
-5.203810197390675851e-01 1.279769392052412524e-01 -8.442899367675691380e-01 -4.785899999999999821e+00
-3.496662163392616485e-03 9.883784651705442847e-01 1.519729677963612691e-01 1.677000000000000046e+00
0.000000000000000000e+00 0.000000000000000000e+00 0.000000000000000000e+00 1.000000000000000000e+00
8.574382380674199222e-01 8.109499957337135134e-02 -5.081567365921988433e-01 -3.495299999999999851e+00
-5.145754552069579102e-01 1.285394340305379690e-01 -8.477556928724578889e-01 -4.800399999999999778e+00
-3.430568231448660743e-03 9.883831316565980796e-01 1.519441221578034518e-01 1.677000000000000046e+00
0.000000000000000000e+00 0.000000000000000000e+00 0.000000000000000000e+00 1.000000000000000000e+00
8.609732931415220447e-01 8.027861577936204474e-02 -5.022751560107192592e-01 -3.441600000000000215e+00
-5.086380473016903769e-01 1.290658253687282930e-01 -8.512516370374934027e-01 -4.815000000000000391e+00
-3.510745528555625494e-03 9.883811797937265275e-01 1.519549870698399807e-01 1.677000000000000046e+00
0.000000000000000000e+00 0.000000000000000000e+00 0.000000000000000000e+00 1.000000000000000000e+00
8.645412209109115675e-01 7.931529772135020862e-02 -4.962636002098521626e-01 -3.387300000000000200e+00
-5.025499665388823978e-01 1.296314269359207794e-01 -8.547743703939215676e-01 -4.829500000000000348e+00
-3.465325040813177493e-03 9.883849334636433115e-01 1.519316123274906394e-01 1.677000000000000046e+00
0.000000000000000000e+00 0.000000000000000000e+00 0.000000000000000000e+00 1.000000000000000000e+00
8.681280689551051921e-01 7.847655452143792454e-02 -4.900970172146773551e-01 -3.332399999999999807e+00
-4.963274484338746073e-01 1.301613448395834705e-01 -8.583222519780497883e-01 -4.844100000000000072e+00
-3.566486141787866826e-03 9.883822411901150851e-01 1.519467850156942801e-01 1.677000000000000046e+00
0.000000000000000000e+00 0.000000000000000000e+00 0.000000000000000000e+00 1.000000000000000000e+00
8.716812405397217356e-01 7.736166120033935445e-02 -4.839287016363624794e-01 -3.276800000000000157e+00
-4.900615157315953985e-01 1.307573978209966570e-01 -8.618249321723833178e-01 -4.858600000000000030e+00
-3.394950659861090125e-03 9.883914590340235895e-01 1.518907436897047325e-01 1.677000000000000046e+00
0.000000000000000000e+00 0.000000000000000000e+00 0.000000000000000000e+00 1.000000000000000000e+00
8.752496336959214585e-01 7.637115929439908246e-02 -4.776039412977921561e-01 -3.220699999999999896e+00
-4.836597167528444707e-01 1.313173460506670831e-01 -8.653490815946867087e-01 -4.873000000000000220e+00
-3.370030521165051640e-03 9.883942536529839451e-01 1.518731123011823336e-01 1.677000000000000046e+00
0.000000000000000000e+00 0.000000000000000000e+00 0.000000000000000000e+00 1.000000000000000000e+00
8.788307234944001678e-01 7.550528563318234521e-02 -4.711215461892619416e-01 -3.164000000000000146e+00
-4.771209117182889647e-01 1.318423982102818470e-01 -8.688919481933702338e-01 -4.887500000000000178e+00
-3.492140234584273362e-03 9.883908811171889797e-01 1.518923009272325486e-01 1.677000000000000046e+00
0.000000000000000000e+00 0.000000000000000000e+00 0.000000000000000000e+00 1.000000000000000000e+00
8.822890712760882437e-01 7.454754345445785413e-02 -4.647673164839406512e-01 -3.106799999999999784e+00
-4.706954710309297352e-01 1.325313050911238744e-01 -8.722850604715264300e-01 -4.901799999999999713e+00
-3.430489432859479271e-03 9.883714468436191058e-01 1.520201131643503234e-01 1.677000000000000046e+00
0.000000000000000000e+00 0.000000000000000000e+00 0.000000000000000000e+00 1.000000000000000000e+00
8.858421186896361377e-01 7.352868969714540515e-02 -4.581236432960837934e-01 -3.048999999999999932e+00
-4.639741340870223718e-01 1.330844703220910308e-01 -8.757947971170449986e-01 -4.916199999999999903e+00
-3.426901465507781186e-03 9.883734393186156542e-01 1.520072392875955469e-01 1.677000000000000046e+00
0.000000000000000000e+00 0.000000000000000000e+00 0.000000000000000000e+00 1.000000000000000000e+00
8.893438648892773024e-01 7.250568899994952465e-02 -4.514536687706118823e-01 -2.990699999999999914e+00
-4.572261711507136783e-01 1.336298582092631249e-01 -8.792538253597935727e-01 -4.930399999999999672e+00
-3.423214667684637558e-03 9.883754276880899470e-01 1.519943931325235253e-01 1.677000000000000046e+00
0.000000000000000000e+00 0.000000000000000000e+00 0.000000000000000000e+00 1.000000000000000000e+00
8.928505844050429463e-01 7.160751771383810915e-02 -4.446236580912398262e-01 -2.931900000000000173e+00
-4.503388828801588861e-01 1.341415446167832926e-01 -8.827235901311770716e-01 -4.944499999999999673e+00
-3.567140847217514787e-03 9.883715948036376764e-01 1.520160060371611166e-01 1.677000000000000046e+00
0.000000000000000000e+00 0.000000000000000000e+00 0.000000000000000000e+00 1.000000000000000000e+00
8.962986736504077179e-01 7.040687535609063685e-02 -4.378259465987732746e-01 -2.872599999999999820e+00
-4.434373356423135237e-01 1.345832962580092163e-01 -8.861437048959809326e-01 -4.958499999999999908e+00
-3.466550297649612089e-03 9.883977985967599134e-01 1.518478671503588062e-01 1.677000000000000046e+00
0.000000000000000000e+00 0.000000000000000000e+00 0.000000000000000000e+00 1.000000000000000000e+00
8.997506449491015079e-01 6.939344512377759733e-02 -4.308518616502997611e-01 -2.812800000000000189e+00
-4.363907403988285805e-01 1.352628492736329957e-01 -8.895319461944810602e-01 -4.972400000000000375e+00
-3.449435872424994054e-03 9.883767051991017016e-01 1.519854927679951673e-01 1.677000000000000046e+00
0.000000000000000000e+00 0.000000000000000000e+00 0.000000000000000000e+00 1.000000000000000000e+00
9.031596726205788350e-01 6.833757875652257674e-02 -4.238308401728039243e-01 -2.752600000000000158e+00
-4.292907970838910070e-01 1.357900939498939974e-01 -8.929000290761313074e-01 -4.986200000000000188e+00
-3.466596452763981429e-03 9.883779771498222289e-01 1.519768304520747182e-01 1.677000000000000046e+00
0.000000000000000000e+00 0.000000000000000000e+00 0.000000000000000000e+00 1.000000000000000000e+00
9.064984475820611065e-01 6.725464087149682357e-02 -4.168181591684307907e-01 -2.691899999999999959e+00
-4.221945400820045213e-01 1.361809933708826859e-01 -8.962178905653828132e-01 -4.999900000000000233e+00
-3.512101402005585182e-03 9.883984775007323975e-01 1.518424012520100952e-01 1.677000000000000046e+00
0.000000000000000000e+00 0.000000000000000000e+00 0.000000000000000000e+00 1.000000000000000000e+00
9.098976556594201570e-01 6.621014134856584299e-02 -4.095149245242402647e-01 -2.630900000000000016e+00
-4.148178895307693126e-01 1.368493636952995696e-01 -8.995545398592742492e-01 -5.013300000000000090e+00
-3.517776389955595828e-03 9.883766836782396092e-01 1.519840663045823881e-01 1.677000000000000046e+00
0.000000000000000000e+00 0.000000000000000000e+00 0.000000000000000000e+00 1.000000000000000000e+00
9.132350476835295883e-01 6.510290014299144334e-02 -4.021981602089113039e-01 -2.569399999999999906e+00
-4.074173621607478646e-01 1.372362684414097089e-01 -9.028716961087301929e-01 -5.026699999999999946e+00
-3.583391192628737620e-03 9.883965899461859550e-01 1.518530219992726138e-01 1.677000000000000046e+00
0.000000000000000000e+00 0.000000000000000000e+00 0.000000000000000000e+00 1.000000000000000000e+00
9.164635019604228106e-01 6.391957011552781842e-02 -3.949796679965744128e-01 -2.507600000000000051e+00
-4.001034924543485083e-01 1.379100752008236563e-01 -9.060342192676478223e-01 -5.039799999999999613e+00
-3.441642089342000776e-03 9.883800380998946089e-01 1.519639937135754126e-01 1.677000000000000046e+00
0.000000000000000000e+00 0.000000000000000000e+00 0.000000000000000000e+00 1.000000000000000000e+00
9.197791820396538087e-01 6.282146759495235711e-02 -3.873754244859651807e-01 -2.445300000000000029e+00
-3.924207262412247044e-01 1.384366175216125705e-01 -9.093081306935975050e-01 -5.052800000000000402e+00
-3.497127789358678296e-03 9.883768340761489579e-01 1.519835647655159716e-01 1.677000000000000046e+00
0.000000000000000000e+00 0.000000000000000000e+00 0.000000000000000000e+00 1.000000000000000000e+00
9.229343170788446571e-01 6.170331110296456423e-02 -3.799801939011260288e-01 -2.382800000000000029e+00
-3.849409887595204860e-01 1.387961044332156613e-01 -9.124451087966919394e-01 -5.065599999999999881e+00
-3.561113737206300645e-03 9.883968549085407895e-01 1.518518214439853742e-01 1.677000000000000046e+00
0.000000000000000000e+00 0.000000000000000000e+00 0.000000000000000000e+00 1.000000000000000000e+00
9.260865175194656906e-01 6.048818257918311958e-02 -3.724311236147375137e-01 -2.319900000000000073e+00
-3.772955270418317797e-01 1.394537908671892312e-01 -9.155330280699852663e-01 -5.078100000000000058e+00
-3.441996934167773636e-03 9.883793907103878285e-01 1.519681962650985818e-01 1.677000000000000046e+00
0.000000000000000000e+00 0.000000000000000000e+00 0.000000000000000000e+00 1.000000000000000000e+00
9.292112113694994679e-01 5.937725588748229977e-02 -3.647476746306957951e-01 -2.256699999999999928e+00
-3.695325296918827718e-01 1.399523108392300985e-01 -9.186180164738102505e-01 -5.090399999999999814e+00
-3.497737089215302575e-03 9.883762907789888086e-01 1.519870838631452725e-01 1.677000000000000046e+00
0.000000000000000000e+00 0.000000000000000000e+00 0.000000000000000000e+00 1.000000000000000000e+00
9.323252587967765237e-01 5.811466809938201084e-02 -3.569205754243125472e-01 -2.193200000000000038e+00
-3.616045858624100662e-01 1.404736250323951330e-01 -9.216882792753375853e-01 -5.102599999999999802e+00
-3.425681362675236930e-03 9.883773803674162917e-01 1.519816393030576085e-01 1.677000000000000046e+00
0.000000000000000000e+00 0.000000000000000000e+00 0.000000000000000000e+00 1.000000000000000000e+00
9.353184392064243236e-01 5.699538337394666199e-02 -3.491861159246100743e-01 -2.129500000000000171e+00
-3.537899030178555115e-01 1.409527828245911718e-01 -9.246431839021037602e-01 -5.114399999999999835e+00
-3.481637987323038530e-03 9.883743416783238311e-01 1.520001279896328050e-01 1.677000000000000046e+00
0.000000000000000000e+00 0.000000000000000000e+00 0.000000000000000000e+00 1.000000000000000000e+00
9.382888424388613480e-01 5.570575907462652077e-02 -3.413369545781138603e-01 -2.065500000000000114e+00
-3.458356033364538007e-01 1.413249583414281085e-01 -9.275909613696677880e-01 -5.126000000000000334e+00
-3.432727727718049016e-03 9.883947210278458684e-01 1.518686663687874583e-01 1.677000000000000046e+00
0.000000000000000000e+00 0.000000000000000000e+00 0.000000000000000000e+00 1.000000000000000000e+00
9.412434677060192989e-01 5.456057280415796407e-02 -3.332924817574347554e-01 -2.001199999999999868e+00
-3.377105516920662076e-01 1.417955599550106693e-01 -9.305082495351050254e-01 -5.137400000000000411e+00
-3.509669014039012991e-03 9.883911994106012733e-01 1.518898256996983331e-01 1.677000000000000046e+00
0.000000000000000000e+00 0.000000000000000000e+00 0.000000000000000000e+00 1.000000000000000000e+00
9.440785049173369137e-01 5.331022963658488267e-02 -3.253825378983027372e-01 -1.936700000000000088e+00
-3.297031014506964786e-01 1.424213729220864810e-01 -9.332802459222950819e-01 -5.148399999999999643e+00
-3.411956453056835814e-03 9.883694511421741158e-01 1.520335048667887934e-01 1.677000000000000046e+00
0.000000000000000000e+00 0.000000000000000000e+00 0.000000000000000000e+00 1.000000000000000000e+00
9.468850791711028725e-01 5.213942358724768522e-02 -3.173170769925937051e-01 -1.872000000000000108e+00
-3.215529781690191768e-01 1.427433397978827290e-01 -9.360705214747337966e-01 -5.159200000000000230e+00
-3.511278081882368562e-03 9.883854609671953728e-01 1.519271255401613563e-01 1.677000000000000046e+00
0.000000000000000000e+00 0.000000000000000000e+00 0.000000000000000000e+00 1.000000000000000000e+00
9.496147977909169535e-01 5.099285144082371657e-02 -3.092433748982342800e-01 -1.807099999999999929e+00
-3.133989115798161973e-01 1.432022422456667166e-01 -9.387620785036004945e-01 -5.169599999999999973e+00
-3.585810522368532149e-03 9.883788984583531390e-01 1.519680724532301297e-01 1.677000000000000046e+00
0.000000000000000000e+00 0.000000000000000000e+00 0.000000000000000000e+00 1.000000000000000000e+00
9.523340202401228138e-01 4.968348473419706424e-02 -3.009841611081091051e-01 -1.742099999999999982e+00
-3.050367491832720601e-01 1.436595687631612994e-01 -9.414427810283981790e-01 -5.179800000000000182e+00
-3.534903250011572906e-03 9.883792185428877941e-01 1.519671833375999537e-01 1.677000000000000046e+00
0.000000000000000000e+00 0.000000000000000000e+00 0.000000000000000000e+00 1.000000000000000000e+00
9.549665118083623394e-01 4.838018746987664265e-02 -2.927427518913978677e-01 -1.676900000000000057e+00
-2.966931785683573075e-01 1.441242172922660714e-01 -9.440346221304050101e-01 -5.189600000000000435e+00
-3.481252012391383710e-03 9.883762276837051441e-01 1.519878726548764825e-01 1.677000000000000046e+00
0.000000000000000000e+00 0.000000000000000000e+00 0.000000000000000000e+00 1.000000000000000000e+00
9.574822382271179766e-01 4.722190988049192184e-02 -2.846012204942683366e-01 -1.611599999999999921e+00
-2.884703004178590935e-01 1.445518805558116127e-01 -9.465144687772124588e-01 -5.199099999999999611e+00
-3.556579314253516255e-03 9.883697916544278428e-01 1.520279766640481034e-01 1.677000000000000046e+00
0.000000000000000000e+00 0.000000000000000000e+00 0.000000000000000000e+00 1.000000000000000000e+00
9.599636232406034697e-01 4.589599681435334311e-02 -2.763392833659191750e-01 -1.546100000000000030e+00
-2.801025474512277014e-01 1.448659560059064044e-01 -9.489765106164785857e-01 -5.208199999999999719e+00
-3.522068441359132995e-03 9.883862667332602436e-01 1.519216336371575771e-01 1.677000000000000046e+00
0.000000000000000000e+00 0.000000000000000000e+00 0.000000000000000000e+00 1.000000000000000000e+00
9.623777935893864655e-01 4.458158979414174328e-02 -2.680325805894708258e-01 -1.480499999999999927e+00
-2.716927528876497688e-01 1.452969681978131533e-01 -9.513526365448589095e-01 -5.216999999999999638e+00
-3.468491654131933277e-03 9.883831609674210705e-01 1.519430705287170003e-01 1.677000000000000046e+00
0.000000000000000000e+00 0.000000000000000000e+00 0.000000000000000000e+00 1.000000000000000000e+00
9.647515583737806821e-01 4.339341499678342484e-02 -2.595600935241751395e-01 -1.414900000000000047e+00
-2.631382094575511754e-01 1.457018827275301520e-01 -9.536924263582715611e-01 -5.225399999999999601e+00
-3.565576928847624671e-03 9.883764327950006479e-01 1.519845839438805912e-01 1.677000000000000046e+00
0.000000000000000000e+00 0.000000000000000000e+00 0.000000000000000000e+00 1.000000000000000000e+00
9.670504946568603266e-01 4.190889717380402724e-02 -2.511114993814445584e-01 -1.349199999999999955e+00
-2.545619344851509092e-01 1.460043124539077974e-01 -9.559712141356762061e-01 -5.233399999999999608e+00
-3.400337497871011583e-03 9.883958645616324201e-01 1.518619525172891782e-01 1.677000000000000046e+00
0.000000000000000000e+00 0.000000000000000000e+00 0.000000000000000000e+00 1.000000000000000000e+00
9.692630330438295472e-01 4.072259094266149348e-02 -2.426331456367674388e-01 -1.283400000000000096e+00
-2.460019431369911969e-01 1.464063616484961305e-01 -9.581483294572269438e-01 -5.240999999999999659e+00
-3.495246414872255070e-03 9.883859812116756460e-01 1.519241106498007143e-01 1.677000000000000046e+00
0.000000000000000000e+00 0.000000000000000000e+00 0.000000000000000000e+00 1.000000000000000000e+00
9.714442165344011615e-01 3.937473239245598000e-02 -2.339781284882969936e-01 -1.217700000000000005e+00
-2.372427830428661677e-01 1.467992472922580727e-01 -9.602946646152427101e-01 -5.248300000000000409e+00
-3.463532292195259377e-03 9.883823204830449738e-01 1.519486508680218118e-01 1.677000000000000046e+00
0.000000000000000000e+00 0.000000000000000000e+00 0.000000000000000000e+00 1.000000000000000000e+00
9.735035049703638643e-01 3.818142611939241704e-02 -2.254619801871394491e-01 -1.151899999999999924e+00
-2.286443889851402789e-01 1.471794574124186683e-01 -9.623200874456474541e-01 -5.255099999999999660e+00
-3.559381410940504198e-03 9.883725947309931481e-01 1.520096864962757199e-01 1.677000000000000046e+00
0.000000000000000000e+00 0.000000000000000000e+00 0.000000000000000000e+00 1.000000000000000000e+00
9.754887084575621925e-01 3.669312131610692751e-02 -2.169686487027070732e-01 -1.086100000000000065e+00
-2.200233768993730687e-01 1.474521304856021287e-01 -9.642860482414195022e-01 -5.261400000000000077e+00
-3.390175451755433889e-03 9.883883265515323036e-01 1.519112327876641633e-01 1.677000000000000046e+00
0.000000000000000000e+00 0.000000000000000000e+00 0.000000000000000000e+00 1.000000000000000000e+00
9.773957429357559290e-01 3.549362279998932723e-02 -2.084172843878209225e-01 -1.020299999999999985e+00
-2.113892302200074680e-01 1.478099182719397886e-01 -9.661608672511191598e-01 -5.267299999999999649e+00
-3.486407614498407415e-03 9.883786879536476944e-01 1.519717544840850365e-01 1.677000000000000046e+00
0.000000000000000000e+00 0.000000000000000000e+00 0.000000000000000000e+00 1.000000000000000000e+00
9.792572944392571310e-01 3.414063787005534867e-02 -1.997237295198842078e-01 -9.545000000000000151e-01
-2.025912722263809029e-01 1.481750794619121903e-01 -9.679880795981697927e-01 -5.272800000000000153e+00
-3.453650996053089783e-03 9.883716723339869281e-01 1.520181226779087069e-01 1.677000000000000046e+00
0.000000000000000000e+00 0.000000000000000000e+00 0.000000000000000000e+00 1.000000000000000000e+00
9.810366431473676041e-01 3.277448784575090479e-02 -1.910312480946335656e-01 -8.889000000000000234e-01
-1.937919262494321448e-01 1.483994111873305211e-01 -9.697537337282018388e-01 -5.277800000000000047e+00
-3.434257223822026472e-03 9.883842611584334747e-01 1.519366913277312992e-01 1.677000000000000046e+00
0.000000000000000000e+00 0.000000000000000000e+00 0.000000000000000000e+00 1.000000000000000000e+00
9.827369733521326145e-01 3.140634005014382446e-02 -1.823230183255652448e-01 -8.233000000000000318e-01
-1.849767146547419694e-01 1.486114745965278483e-01 -9.714413233200365205e-01 -5.282300000000000217e+00
-3.414123932698742703e-03 9.883968188045226810e-01 1.518554323521943694e-01 1.677000000000000046e+00
0.000000000000000000e+00 0.000000000000000000e+00 0.000000000000000000e+00 1.000000000000000000e+00
9.843313269823573686e-01 3.021138103027758148e-02 -1.737213607401081883e-01 -7.577000000000000401e-01
-1.762940807799693310e-01 1.490732868022462132e-01 -9.729838396622633168e-01 -5.286400000000000432e+00
-3.497971283052514480e-03 9.883645216306676806e-01 1.520635938635027662e-01 1.677000000000000046e+00
0.000000000000000000e+00 0.000000000000000000e+00 0.000000000000000000e+00 1.000000000000000000e+00
9.858743150868028993e-01 2.883858933691239856e-02 -1.649853648575660414e-01 -6.923000000000000265e-01
-1.674507109022699836e-01 1.492616145610839995e-01 -9.745158951176439155e-01 -5.289900000000000269e+00
-3.477681764001483433e-03 9.883771072741797115e-01 1.519822343100436512e-01 1.677000000000000046e+00
0.000000000000000000e+00 0.000000000000000000e+00 0.000000000000000000e+00 1.000000000000000000e+00
9.873341653214947611e-01 2.746981026049614971e-02 -1.562582974218000853e-01 -6.270999999999999908e-01
-1.586168528506028408e-01 1.494581692933565076e-01 -9.759625759337539064e-01 -5.292900000000000382e+00
-3.455427712686254260e-03 9.883863946634082742e-01 1.519223316816578906e-01 1.677000000000000046e+00
0.000000000000000000e+00 0.000000000000000000e+00 0.000000000000000000e+00 1.000000000000000000e+00
9.887167705335057066e-01 2.610679251265918960e-02 -1.475045187460231610e-01 -5.618999999999999551e-01
-1.497579164984176592e-01 1.497711770736617765e-01 -9.773132358481707582e-01 -5.295399999999999885e+00
-3.422588471887907935e-03 9.883759557489600889e-01 1.519909733684250419e-01 1.677000000000000046e+00
0.000000000000000000e+00 0.000000000000000000e+00 0.000000000000000000e+00 1.000000000000000000e+00
9.900198330164293736e-01 2.474108150748366430e-02 -1.387393567808398731e-01 -4.969000000000000083e-01
-1.408873152393232964e-01 1.500719376087265300e-01 -9.785852941604111788e-01 -5.297399999999999665e+00
-3.390374430158507590e-03 9.883654650119069185e-01 1.520598991615501050e-01 1.677000000000000046e+00
0.000000000000000000e+00 0.000000000000000000e+00 0.000000000000000000e+00 1.000000000000000000e+00
9.912418843506041188e-01 2.336612205710286022e-02 -1.299751939759121733e-01 -4.320999999999999841e-01
-1.320158535427649327e-01 1.502317352643522119e-01 -9.797970402756058794e-01 -5.298799999999999955e+00
-3.367658301945852806e-03 9.883746506560527889e-01 1.520006869000504746e-01 1.677000000000000046e+00
0.000000000000000000e+00 0.000000000000000000e+00 0.000000000000000000e+00 1.000000000000000000e+00
9.923808472343310649e-01 2.227119730886366333e-02 -1.211785781930993233e-01 -3.674999999999999933e-01
-1.231548089421601461e-01 1.503615829446694752e-01 -9.809303173053596225e-01 -5.299699999999999633e+00
-3.625889806855082942e-03 9.883801840105876924e-01 1.519587601236124796e-01 1.677000000000000046e+00
0.000000000000000000e+00 0.000000000000000000e+00 0.000000000000000000e+00 1.000000000000000000e+00
9.934296994480896759e-01 2.076345854016272557e-02 -1.125447068676676543e-01 -3.032000000000000250e-01
-1.143919813997350265e-01 1.505041145078211684e-01 -9.819689333719571200e-01 -5.299999999999999822e+00
-3.450629786135833710e-03 9.883913143617094610e-01 1.518904304043261211e-01 1.677000000000000046e+00
0.000000000000000000e+00 0.000000000000000000e+00 0.000000000000000000e+00 1.000000000000000000e+00
9.944135870491465079e-01 1.939394644888007418e-02 -1.037568924611156490e-01 -2.389999999999999902e-01
-1.054984900254112012e-01 1.507773665480741931e-01 -9.829223033074311333e-01 -5.299999999999999822e+00
-3.418551507255437882e-03 9.883774889069284475e-01 1.519810939808849681e-01 1.677000000000000046e+00
0.000000000000000000e+00 0.000000000000000000e+00 0.000000000000000000e+00 1.000000000000000000e+00
9.953184980912002100e-01 1.801360690985107094e-02 -9.495576508867067944e-02 -1.751000000000000056e-01
-9.658967501121665244e-02 1.508886315097447695e-01 -9.838206419680084469e-01 -5.299999999999999822e+00
-3.394412866018700625e-03 9.883866302450747821e-01 1.519221745305180393e-01 1.677000000000000046e+00
0.000000000000000000e+00 0.000000000000000000e+00 0.000000000000000000e+00 1.000000000000000000e+00
9.961292418148355310e-01 1.679164394272258942e-02 -8.628194651896642364e-02 -1.113999999999999990e-01
-8.783125770923405629e-02 1.511293551054165851e-01 -9.846042800001606476e-01 -5.299999999999999822e+00
-3.493389559592018079e-03 9.883713668045637224e-01 1.520192011236186358e-01 1.677000000000000046e+00
0.000000000000000000e+00 0.000000000000000000e+00 0.000000000000000000e+00 1.000000000000000000e+00
9.968748348424204542e-01 1.541222406840375009e-02 -7.747920370758985820e-02 -4.800000000000000100e-02
-7.892105531449530864e-02 1.512377674640281167e-01 -9.853418720020696853e-01 -5.299999999999999822e+00
-3.468527921649755541e-03 9.883772564369144309e-01 1.519814734508612986e-01 1.677000000000000046e+00
0.000000000000000000e+00 0.000000000000000000e+00 0.000000000000000000e+00 1.000000000000000000e+00
9.975296873195059755e-01 1.418340179051016600e-02 -6.879937521444276505e-02 1.519999999999999997e-02
-7.015520803622361801e-02 1.513274577977581359e-01 -9.859909975764798995e-01 -5.299999999999999822e+00
-3.573471931177421568e-03 9.883819259932452583e-01 1.519486711631279907e-01 1.677000000000000046e+00
0.000000000000000000e+00 0.000000000000000000e+00 0.000000000000000000e+00 1.000000000000000000e+00
9.981172364530560559e-01 1.280216007774429704e-02 -5.998405615376480038e-02 7.799999999999999989e-02
-6.123229806339890863e-02 1.514119756538424844e-01 -9.865723588781895037e-01 -5.299999999999999822e+00
-3.547952816663830361e-03 9.883878380099301308e-01 1.519108083872464376e-01 1.677000000000000046e+00
0.000000000000000000e+00 0.000000000000000000e+00 0.000000000000000000e+00 1.000000000000000000e+00
9.986102580436903020e-01 1.144166542387914723e-02 -5.144551314004170567e-02 1.406000000000000028e-01
-5.258610757458768992e-02 1.514819632404700855e-01 -9.870602393486260784e-01 -5.299999999999999822e+00
-3.500545681474120929e-03 9.883937996088103528e-01 1.518731150493431992e-01 1.677000000000000046e+00
0.000000000000000000e+00 0.000000000000000000e+00 0.000000000000000000e+00 1.000000000000000000e+00
9.990405101821581146e-01 1.006312200885124686e-02 -4.262385001860023725e-02 2.028999999999999970e-01
-4.365786681291235205e-02 1.516920098890458812e-01 -9.874631764279452328e-01 -5.299999999999999822e+00
-3.471264945111508099e-03 9.883765819318345303e-01 1.519857973904938930e-01 1.677000000000000046e+00
0.000000000000000000e+00 0.000000000000000000e+00 0.000000000000000000e+00 1.000000000000000000e+00
9.993812711494938217e-01 8.701063206841009798e-03 -3.407882589955728292e-02 2.650000000000000133e-01
-3.500502920937363649e-02 1.517381456786151273e-01 -9.878006798317492398e-01 -5.299999999999999822e+00
-3.423858302073395921e-03 9.883824293486228596e-01 1.519488418818695508e-01 1.677000000000000046e+00
0.000000000000000000e+00 0.000000000000000000e+00 0.000000000000000000e+00 1.000000000000000000e+00
9.996499124176064788e-01 7.471474986782218955e-03 -2.538167971182062055e-02 3.266999999999999904e-01
-2.622248988828366351e-02 1.519212413535693529e-01 -9.880446940547017443e-01 -5.299999999999999822e+00
-3.526134927994100179e-03 9.883643627160544343e-01 1.520639762907611270e-01 1.677000000000000046e+00
0.000000000000000000e+00 0.000000000000000000e+00 0.000000000000000000e+00 1.000000000000000000e+00
9.998396113635349414e-01 6.107847259021698637e-03 -1.683584718022727855e-02 3.881000000000000005e-01
-1.756815529619726313e-02 1.518155338694255896e-01 -9.882527022960422292e-01 -5.299999999999999822e+00
-3.480153431129401863e-03 9.883899725704433648e-01 1.518984879921259912e-01 1.677000000000000046e+00
0.000000000000000000e+00 0.000000000000000000e+00 0.000000000000000000e+00 1.000000000000000000e+00
9.999543806140368529e-01 4.746196116200276233e-03 -8.289168427792962049e-03 4.490999999999999992e-01
-8.913820019982530637e-03 1.518480361254336830e-01 -9.883636566251818856e-01 -5.299999999999999822e+00
-3.432273801594630525e-03 9.883924562375390188e-01 1.518834156492252785e-01 1.677000000000000046e+00
0.000000000000000000e+00 0.000000000000000000e+00 0.000000000000000000e+00 1.000000000000000000e+00
9.999942399627326228e-01 3.384261896174466620e-03 2.584816723764200245e-04 5.099000000000000199e-01
-2.584816723764200245e-04 1.518687525908295199e-01 -9.884006349521077261e-01 -5.299999999999999822e+00
-3.384261896174466620e-03 9.883948749148403490e-01 1.518687525908295199e-01 1.677000000000000046e+00
0.000000000000000000e+00 0.000000000000000000e+00 0.000000000000000000e+00 1.000000000000000000e+00
9.999600004259954211e-01 2.173976847146577920e-03 8.675907601584041326e-03 5.703000000000000291e-01
8.245112189555179466e-03 1.518781524976760278e-01 -9.883648339145186812e-01 -5.299999999999999822e+00
-3.466363083233162199e-03 9.883968335737222111e-01 1.518541527532732971e-01 1.677000000000000046e+00
0.000000000000000000e+00 0.000000000000000000e+00 0.000000000000000000e+00 1.000000000000000000e+00
9.998513302993019547e-01 8.106728964064908310e-04 1.722382385450650644e-02 6.302999999999999714e-01
1.690040275127951963e-02 1.520260697010479833e-01 -9.882319821368343860e-01 -5.299999999999999822e+00
-3.419603129104172891e-03 9.883761515438882483e-01 1.519897673323184206e-01 1.677000000000000046e+00
0.000000000000000000e+00 0.000000000000000000e+00 0.000000000000000000e+00 1.000000000000000000e+00
9.996711881643979281e-01 -4.001700637773185354e-04 2.563894338503575066e-02 6.901000000000000467e-01
2.540178927357233940e-02 1.520141354890156560e-01 -9.880518466726472271e-01 -5.299999999999999822e+00
-3.502093043029739020e-03 9.883782385683365090e-01 1.519743164777216937e-01 1.677000000000000046e+00
0.000000000000000000e+00 0.000000000000000000e+00 0.000000000000000000e+00 1.000000000000000000e+00
9.994186238920537146e-01 -1.611330939333268514e-03 3.405609828382633042e-02 7.493999999999999551e-01
3.390515852430241173e-02 1.520132100493275795e-01 -9.877967524728661353e-01 -5.299999999999999822e+00
-3.585309352847378117e-03 9.883771484525039064e-01 1.519794656318458892e-01 1.677000000000000046e+00
0.000000000000000000e+00 0.000000000000000000e+00 0.000000000000000000e+00 1.000000000000000000e+00
9.990940084934328835e-01 -3.103702388559882036e-03 4.244442512282989299e-02 8.084000000000000075e-01
4.242286580087056835e-02 1.519746703966160517e-01 -9.874735439570424544e-01 -5.299999999999999822e+00
-3.385653521196758248e-03 9.883795154642386338e-01 1.519686505859391135e-01 1.677000000000000046e+00
0.000000000000000000e+00 0.000000000000000000e+00 0.000000000000000000e+00 1.000000000000000000e+00
9.987038880917112893e-01 -4.162950960519294641e-03 5.072685432587800691e-02 8.669999999999999929e-01
5.076997671830833780e-02 1.519561105250118171e-01 -9.870824433339564496e-01 -5.299999999999999822e+00
-3.599079676940477451e-03 9.883784752378064198e-01 1.519705113239681327e-01 1.677000000000000046e+00
0.000000000000000000e+00 0.000000000000000000e+00 0.000000000000000000e+00 1.000000000000000000e+00
9.982437114624255203e-01 -5.503990853418110757e-03 5.898473201098137358e-02 9.252000000000000224e-01
5.913566821398276441e-02 1.519202986440594538e-01 -9.866221138839254001e-01 -5.299999999999999822e+00
-3.530619011950932029e-03 9.883774223162856698e-01 1.519789649418865074e-01 1.677000000000000046e+00
0.000000000000000000e+00 0.000000000000000000e+00 0.000000000000000000e+00 1.000000000000000000e+00
9.977137337861853306e-01 -6.839178759752075065e-03 6.723489457358572396e-02 9.829999999999999849e-01
6.749337301496072250e-02 1.517233351082890314e-01 -9.861159537207991876e-01 -5.299999999999999822e+00
-3.456879155018688365e-03 9.883993399519802603e-01 1.518380544165316148e-01 1.677000000000000046e+00
0.000000000000000000e+00 0.000000000000000000e+00 0.000000000000000000e+00 1.000000000000000000e+00
9.971241598614757340e-01 -8.033374275224318406e-03 7.535830888694527996e-02 1.040399999999999991e+00
7.570330729216775967e-02 1.518213407516527114e-01 -9.855045863705546028e-01 -5.299999999999999822e+00
-3.524072299728411850e-03 9.883753059390568696e-01 1.519928798473848541e-01 1.677000000000000046e+00
0.000000000000000000e+00 0.000000000000000000e+00 0.000000000000000000e+00 1.000000000000000000e+00
9.964551325189062725e-01 -9.373128609217504237e-03 8.360211323168746655e-02 1.097399999999999931e+00
8.405489973328141018e-02 1.517525720780436294e-01 -9.848380225694611800e-01 -5.299999999999999822e+00
-3.455822269277417091e-03 9.883740695342900784e-01 1.520024867055467799e-01 1.677000000000000046e+00
0.000000000000000000e+00 0.000000000000000000e+00 0.000000000000000000e+00 1.000000000000000000e+00
9.957297563793985340e-01 -1.056060164722082140e-02 9.171001010507193185e-02 1.153899999999999926e+00
9.224899794011648391e-02 1.516804065732236806e-01 -9.841154285147785119e-01 -5.299999999999999822e+00
-3.517760604143167769e-03 9.883731724174985578e-01 1.520068992042850065e-01 1.677000000000000046e+00
0.000000000000000000e+00 0.000000000000000000e+00 0.000000000000000000e+00 1.000000000000000000e+00
9.949498944022918678e-01 -1.187184824034669822e-02 9.966828406381976480e-02 1.210099999999999953e+00
1.003144975761443014e-01 1.514640771138525133e-01 -9.833593620442601102e-01 -5.299999999999999822e+00
-3.421871551334138006e-03 9.883914672655803590e-01 1.518900860216987614e-01 1.677000000000000046e+00
0.000000000000000000e+00 0.000000000000000000e+00 0.000000000000000000e+00 1.000000000000000000e+00
9.941207740563484663e-01 -1.304491506936954898e-02 1.074882169376692176e-01 1.265800000000000036e+00
1.082212701472880512e-01 1.515246904749222856e-01 -9.825112848533530396e-01 -5.299999999999999822e+00
-3.470342535572490394e-03 9.883673903803746885e-01 1.520455798613490062e-01 1.677000000000000046e+00
0.000000000000000000e+00 0.000000000000000000e+00 0.000000000000000000e+00 1.000000000000000000e+00
9.932115240312049398e-01 -1.435368918794025644e-02 1.154332713662193366e-01 1.321099999999999941e+00
1.162733283924174688e-01 1.512877844412431061e-01 -9.816274850387027850e-01 -5.299999999999999822e+00
-3.373668057215076233e-03 9.883855411151842851e-01 1.519297221687835597e-01 1.677000000000000046e+00
0.000000000000000000e+00 0.000000000000000000e+00 0.000000000000000000e+00 1.000000000000000000e+00
9.922544705982807578e-01 -1.551948111303524253e-02 1.232485751792190554e-01 1.375899999999999901e+00
1.241748704499727463e-01 1.512005265547878008e-01 -9.806727294659963734e-01 -5.299999999999999822e+00
-3.415717561209008490e-03 9.883812758624764827e-01 1.519565279874642016e-01 1.677000000000000046e+00
0.000000000000000000e+00 0.000000000000000000e+00 0.000000000000000000e+00 1.000000000000000000e+00
9.912356209985134781e-01 -1.667357419740515823e-02 1.310493631696660888e-01 1.430199999999999916e+00
1.320608076705941381e-01 1.509544217471766592e-01 -9.796798995755531259e-01 -5.299999999999999822e+00
-3.447715342333276811e-03 9.884000983804377416e-01 1.518333256582990731e-01 1.677000000000000046e+00
0.000000000000000000e+00 0.000000000000000000e+00 0.000000000000000000e+00 1.000000000000000000e+00
9.901529246653365535e-01 -1.783728252073574216e-02 1.388489003519861043e-01 1.484099999999999975e+00
1.399464488114176564e-01 1.508486615057930136e-01 -9.786008751206917156e-01 -5.299999999999999822e+00
-3.489590485081281446e-03 9.883959291064415842e-01 1.518595077170352692e-01 1.677000000000000046e+00
0.000000000000000000e+00 0.000000000000000000e+00 0.000000000000000000e+00 1.000000000000000000e+00
9.890490986494655523e-01 -1.897899558018800725e-02 1.463614641476610467e-01 1.537500000000000089e+00
1.475451075281909163e-01 1.507378945438349604e-01 -9.775011654177127030e-01 -5.299999999999999822e+00
-3.510228649880028917e-03 9.883915645508408732e-01 1.518874366745540661e-01 1.677000000000000046e+00
0.000000000000000000e+00 0.000000000000000000e+00 0.000000000000000000e+00 1.000000000000000000e+00
9.878639235427183474e-01 -2.027092770684456313e-02 1.539933701582320014e-01 1.590400000000000036e+00
1.552845782928432561e-01 1.506050288116814462e-01 -9.763220908291722067e-01 -5.299999999999999822e+00
-3.401221427694986477e-03 9.883861668328509653e-01 1.519250371277338640e-01 1.677000000000000046e+00
0.000000000000000000e+00 0.000000000000000000e+00 0.000000000000000000e+00 1.000000000000000000e+00
9.866424479631126232e-01 -2.141068961747744082e-02 1.614876535449712436e-01 1.642800000000000038e+00
1.628648749855156064e-01 1.504760817570036657e-01 -9.751061384869913473e-01 -5.299999999999999822e+00
-3.422334482337793804e-03 9.883817740069690272e-01 1.519531389525317078e-01 1.677000000000000046e+00
0.000000000000000000e+00 0.000000000000000000e+00 0.000000000000000000e+00 1.000000000000000000e+00
9.853606745253258303e-01 -2.254000589237926955e-02 1.689860622458741468e-01 1.694700000000000095e+00
1.704481067358879498e-01 1.502098808866753621e-01 -9.738503142650631883e-01 -5.299999999999999822e+00
-3.432784459631119112e-03 9.883971569254852430e-01 1.518528108810351107e-01 1.677000000000000046e+00
0.000000000000000000e+00 0.000000000000000000e+00 0.000000000000000000e+00 1.000000000000000000e+00
9.840473330264665197e-01 -2.354114500534672250e-02 1.763424533552137019e-01 1.746099999999999985e+00
1.778704736391849561e-01 1.502279894629485191e-01 -9.725192264368310857e-01 -5.299999999999999822e+00
-3.597356094480488875e-03 9.883710667931137062e-01 1.520187269890523607e-01 1.677000000000000046e+00
0.000000000000000000e+00 0.000000000000000000e+00 0.000000000000000000e+00 1.000000000000000000e+00
9.826746789670832705e-01 -2.479743153064775663e-02 1.836724331695491763e-01 1.796999999999999931e+00
1.853065841814441894e-01 1.499344654439517810e-01 -9.711751262934206208e-01 -5.299999999999999822e+00
-3.456179385536994886e-03 9.883849166501473826e-01 1.519319300296541331e-01 1.677000000000000046e+00
0.000000000000000000e+00 0.000000000000000000e+00 0.000000000000000000e+00 1.000000000000000000e+00
9.812773018057978636e-01 -2.591130730252484693e-02 1.908493152060210529e-01 1.847399999999999931e+00
1.925692360380651391e-01 1.497765557851370444e-01 -9.697855807697171038e-01 -5.299999999999999822e+00
-3.456340904628138477e-03 9.883802848554881226e-01 1.519620551865995817e-01 1.677000000000000046e+00
0.000000000000000000e+00 0.000000000000000000e+00 0.000000000000000000e+00 1.000000000000000000e+00
9.798208122772602557e-01 -2.702971883376420470e-02 1.980418393372912200e-01 1.897199999999999998e+00
1.998479635444529445e-01 1.496309201183764204e-01 -9.683343323520359203e-01 -5.299999999999999822e+00
-3.459377901418259071e-03 9.883723903692858137e-01 1.520133239562883598e-01 1.677000000000000046e+00
0.000000000000000000e+00 0.000000000000000000e+00 0.000000000000000000e+00 1.000000000000000000e+00
9.783437884900575421e-01 -2.797911764106152110e-02 2.050868121039214065e-01 1.946499999999999897e+00
2.069556507633405484e-01 1.493460159738125848e-01 -9.668842361574996325e-01 -5.299999999999999822e+00
-3.576330527751914179e-03 9.883890612955896771e-01 1.519021835629064121e-01 1.677000000000000046e+00
0.000000000000000000e+00 0.000000000000000000e+00 0.000000000000000000e+00 1.000000000000000000e+00
9.768086540337527213e-01 -2.922476994615731682e-02 2.121102690261900126e-01 1.995200000000000085e+00
2.140866596314458525e-01 1.491723254269307630e-01 -9.653571978778484608e-01 -5.299999999999999822e+00
-3.428640053721482284e-03 9.883792440902005039e-01 1.519694517956354518e-01 1.677000000000000046e+00
0.000000000000000000e+00 0.000000000000000000e+00 0.000000000000000000e+00 1.000000000000000000e+00
9.752941730425003231e-01 -3.016187797906109969e-02 2.188413515451813340e-01 2.043400000000000105e+00
2.208817836380244093e-01 1.490075481688610815e-01 -9.638506047337364047e-01 -5.299999999999999822e+00
-3.537468901684076572e-03 9.883759465433589186e-01 1.519884028743273552e-01 1.677000000000000046e+00
0.000000000000000000e+00 0.000000000000000000e+00 0.000000000000000000e+00 1.000000000000000000e+00
9.736914983744040519e-01 -3.125465136477047212e-02 2.257166647845800234e-01 2.091000000000000192e+00
2.278430943900575101e-01 1.488367829483566163e-01 -9.622552345299801857e-01 -5.299999999999999822e+00
-3.519990365209543781e-03 9.883677244880320067e-01 1.520422666832430547e-01 1.677000000000000046e+00
0.000000000000000000e+00 0.000000000000000000e+00 0.000000000000000000e+00 1.000000000000000000e+00
9.720390898957104175e-01 -3.234620621967430887e-02 2.325805895983438232e-01 2.137999999999999901e+00
2.347929670986794171e-01 1.486582104055561848e-01 -9.606107427465172544e-01 -5.299999999999999822e+00
-3.502901043045514307e-03 9.883594788447224166e-01 1.520962532808449730e-01 1.677000000000000046e+00
0.000000000000000000e+00 0.000000000000000000e+00 0.000000000000000000e+00 1.000000000000000000e+00
9.704041372914792296e-01 -3.338250446864790555e-02 2.391681808330294867e-01 2.184400000000000119e+00
2.414622982500845561e-01 1.482023471802821346e-01 -9.590266017238745500e-01 -5.299999999999999822e+00
-3.430575952693790120e-03 9.883934806976705234e-01 1.518767871103973988e-01 1.677000000000000046e+00
0.000000000000000000e+00 0.000000000000000000e+00 0.000000000000000000e+00 1.000000000000000000e+00
9.687609591291859168e-01 -3.430026678923092653e-02 2.456128982062779631e-01 2.230300000000000171e+00
2.479713798097414323e-01 1.480375220982644568e-01 -9.573897256845087522e-01 -5.299999999999999822e+00
-3.521201833583412211e-03 9.883867581818330805e-01 1.519184563785905551e-01 1.677000000000000046e+00
0.000000000000000000e+00 0.000000000000000000e+00 0.000000000000000000e+00 1.000000000000000000e+00
9.670362341021985220e-01 -3.536679257139752064e-02 2.521707990958699241e-01 2.275500000000000078e+00
2.546149862263470953e-01 1.478444410732960013e-01 -9.556742279839306464e-01 -5.299999999999999822e+00
-3.482918660397155142e-03 9.883780709965880318e-01 1.519758469319010263e-01 1.677000000000000046e+00
0.000000000000000000e+00 0.000000000000000000e+00 0.000000000000000000e+00 1.000000000000000000e+00
9.653390777136747758e-01 -3.641184442245021247e-02 2.584465953048462605e-01 2.320100000000000051e+00
2.609765183913524411e-01 1.476519001353181204e-01 -9.539864638634858451e-01 -5.299999999999999822e+00
-3.423724176943504505e-03 9.883689058100650904e-01 1.520367854848782563e-01 1.677000000000000046e+00
0.000000000000000000e+00 0.000000000000000000e+00 0.000000000000000000e+00 1.000000000000000000e+00
9.635596136060873285e-01 -3.731127545102760901e-02 2.648787264985716927e-01 2.364100000000000090e+00
2.674708115651905915e-01 1.473394269297979842e-01 -9.522344554954187412e-01 -5.299999999999999822e+00
-3.497997705245309286e-03 9.883819919424958744e-01 1.519499984068372056e-01 1.677000000000000046e+00
0.000000000000000000e+00 0.000000000000000000e+00 0.000000000000000000e+00 1.000000000000000000e+00
9.618185944104066243e-01 -3.820374713763916019e-02 2.710082381608222013e-01 2.407500000000000195e+00
2.736645022133583627e-01 1.471573465325411167e-01 -9.505011602253921055e-01 -5.299999999999999822e+00
-3.568147236922031285e-03 9.883750245054481187e-01 1.519936816422008674e-01 1.677000000000000046e+00
0.000000000000000000e+00 0.000000000000000000e+00 0.000000000000000000e+00 1.000000000000000000e+00
9.600744309522374342e-01 -3.922460501170586811e-02 2.769810776811536535e-01 2.450299999999999923e+00
2.797229316993279369e-01 1.469536090392540018e-01 -9.487674732366573327e-01 -5.299999999999999822e+00
-3.488339615165397811e-03 9.883653510478873638e-01 1.520584240833618428e-01 1.677000000000000046e+00
0.000000000000000000e+00 0.000000000000000000e+00 0.000000000000000000e+00 1.000000000000000000e+00
9.582485635436710503e-01 -4.009885373025692812e-02 2.831108835703963766e-01 2.492399999999999949e+00
2.859145935766117530e-01 1.466315230475034870e-01 -9.469699264647689629e-01 -5.299999999999999822e+00
-3.540571480988657926e-03 9.883781049670660179e-01 1.519742937976653330e-01 1.677000000000000046e+00
0.000000000000000000e+00 0.000000000000000000e+00 0.000000000000000000e+00 1.000000000000000000e+00
9.564706961944451358e-01 -4.096739644464347796e-02 2.889385397448060999e-01 2.533799999999999830e+00
2.918063046986462683e-01 1.464407432715529589e-01 -9.452006079389686510e-01 -5.299999999999999822e+00
-3.589966494872781633e-03 9.883707710867529750e-01 1.520208242378101593e-01 1.677000000000000046e+00
0.000000000000000000e+00 0.000000000000000000e+00 0.000000000000000000e+00 1.000000000000000000e+00
9.546124838768481613e-01 -4.198384239944696894e-02 2.948768600684914531e-01 2.574600000000000222e+00
2.978299505088361498e-01 1.462186952864048262e-01 -9.433543415539283883e-01 -5.299999999999999822e+00
-3.510869746732397934e-03 9.883609918072039369e-01 1.520862376005849559e-01 1.677000000000000046e+00
0.000000000000000000e+00 0.000000000000000000e+00 0.000000000000000000e+00 1.000000000000000000e+00
9.528392392666283905e-01 -4.281353859865505429e-02 3.004403185766755802e-01 2.614799999999999791e+00
3.034550942356158409e-01 1.458977687651929755e-01 -9.416097104702093601e-01 -5.299999999999999822e+00
-3.519928443355968550e-03 9.883728253963680599e-01 1.520091053909399803e-01 1.677000000000000046e+00
0.000000000000000000e+00 0.000000000000000000e+00 0.000000000000000000e+00 1.000000000000000000e+00
9.509941151611184251e-01 -4.380730950071817786e-02 3.060900399608417199e-01 2.654199999999999893e+00
3.091900656222263954e-01 1.456730867593794276e-01 -9.397770241469609598e-01 -5.299999999999999822e+00
-3.419977988927819235e-03 9.883624190691906453e-01 1.520790331447851029e-01 1.677000000000000046e+00
0.000000000000000000e+00 0.000000000000000000e+00 0.000000000000000000e+00 1.000000000000000000e+00
9.491537807310421737e-01 -4.463351299236689718e-02 3.116327165782326047e-01 2.693000000000000060e+00
3.147941320765008655e-01 1.453418293508059178e-01 -9.379661012270985587e-01 -5.299999999999999822e+00
-3.428546947522148614e-03 9.883742217191429091e-01 1.520021148106407427e-01 1.677000000000000046e+00
0.000000000000000000e+00 0.000000000000000000e+00 0.000000000000000000e+00 1.000000000000000000e+00
9.473357431869005030e-01 -4.532669968624036816e-02 3.170181067006682119e-01 2.731100000000000083e+00
3.202220006517784157e-01 1.451617151472285872e-01 -9.361548732736947320e-01 -5.299999999999999822e+00
-3.586081300708948705e-03 9.883691449813011287e-01 1.520314877577551849e-01 1.677000000000000046e+00
0.000000000000000000e+00 0.000000000000000000e+00 0.000000000000000000e+00 1.000000000000000000e+00
9.455209906968315980e-01 -4.613026475999484899e-02 3.222763640493280235e-01 2.768499999999999961e+00
3.255415344430764302e-01 1.448309909154415764e-01 -9.343696770673256546e-01 -5.299999999999999822e+00
-3.572884567063144834e-03 9.883804848051299663e-01 1.519580591882062071e-01 1.677000000000000046e+00
0.000000000000000000e+00 0.000000000000000000e+00 0.000000000000000000e+00 1.000000000000000000e+00
9.436846666921656634e-01 -4.695023025323227794e-02 3.274979782063771605e-01 2.805099999999999927e+00
3.308268842179101776e-01 1.446237688933018906e-01 -9.325435851206987925e-01 -5.299999999999999822e+00
-3.580855870551180598e-03 9.883722180182247241e-01 1.520116315318306710e-01 1.677000000000000046e+00
0.000000000000000000e+00 0.000000000000000000e+00 0.000000000000000000e+00 1.000000000000000000e+00
9.418539037575662798e-01 -4.787978969052017475e-02 3.325939712559816686e-01 2.841099999999999959e+00
3.360052731174553164e-01 1.442647477453676275e-01 -9.307460120759205591e-01 -5.299999999999999822e+00
-3.417662051388853373e-03 9.883800930295778553e-01 1.519641776503446173e-01 1.677000000000000046e+00
0.000000000000000000e+00 0.000000000000000000e+00 0.000000000000000000e+00 1.000000000000000000e+00
9.400541333109955211e-01 -4.867794151823678916e-02 3.375332345924770827e-01 2.876300000000000079e+00
3.410082604912276216e-01 1.440584307851561496e-01 -9.289566915612725850e-01 -5.299999999999999822e+00
-3.404808608435838657e-03 9.883711987554399947e-01 1.520223034593096434e-01 1.677000000000000046e+00
0.000000000000000000e+00 0.000000000000000000e+00 0.000000000000000000e+00 1.000000000000000000e+00
9.382699608976594607e-01 -4.930769910344892648e-02 3.423714814148925978e-01 2.910800000000000054e+00
3.458861738091543181e-01 1.437501688842447722e-01 -9.271993548926866779e-01 -5.299999999999999822e+00
-3.497891474579267745e-03 9.883848641874655172e-01 1.519313167202773207e-01 1.677000000000000046e+00
0.000000000000000000e+00 0.000000000000000000e+00 0.000000000000000000e+00 1.000000000000000000e+00
9.364698015175414447e-01 -4.995525966305178200e-02 3.471725549027362967e-01 2.944599999999999884e+00
3.507296021872955416e-01 1.435665723433981467e-01 -9.254066054741065805e-01 -5.299999999999999822e+00
-3.613446448723633964e-03 9.883790322227421488e-01 1.519665478557610527e-01 1.677000000000000046e+00
0.000000000000000000e+00 0.000000000000000000e+00 0.000000000000000000e+00 1.000000000000000000e+00
9.346810749530514162e-01 -5.071142364134259561e-02 3.518517296204133893e-01 2.977599999999999802e+00
3.554696024080216121e-01 1.432313196415009315e-01 -9.236482830805442523e-01 -5.299999999999999822e+00
-3.556668172780219628e-03 9.883891645430066264e-01 1.519019734087949935e-01 1.677000000000000046e+00
0.000000000000000000e+00 0.000000000000000000e+00 0.000000000000000000e+00 1.000000000000000000e+00
9.329248260421918459e-01 -5.161506664044188120e-02 3.563525695850233710e-01 3.009799999999999809e+00
3.600553919310329754e-01 1.429994725054197502e-01 -9.219063214907261550e-01 -5.299999999999999822e+00
-3.373973256620810268e-03 9.883759587114988587e-01 1.519920410600145988e-01 1.677000000000000046e+00
0.000000000000000000e+00 0.000000000000000000e+00 0.000000000000000000e+00 1.000000000000000000e+00
9.312069102189555192e-01 -5.209284197222535662e-02 3.607492566530426936e-01 3.041300000000000114e+00
3.644732539345246214e-01 1.428479857209704884e-01 -9.201922082596879493e-01 -5.299999999999999822e+00
-3.596877374279522366e-03 9.883727984878570849e-01 1.520074790345403715e-01 1.677000000000000046e+00
0.000000000000000000e+00 0.000000000000000000e+00 0.000000000000000000e+00 1.000000000000000000e+00
9.294507361009599622e-01 -5.282627890932961590e-02 3.651447841856397813e-01 3.072000000000000064e+00
3.689294624473332673e-01 1.425128666289555701e-01 -9.184667302540244771e-01 -5.299999999999999822e+00
-3.518650267567646761e-03 9.883822474639004652e-01 1.519478594732525667e-01 1.677000000000000046e+00
0.000000000000000000e+00 0.000000000000000000e+00 0.000000000000000000e+00 1.000000000000000000e+00
9.277872482099882578e-01 -5.356044635455478597e-02 3.692453122860714920e-01 3.101900000000000102e+00
3.730937736805949312e-01 1.423133232796180148e-01 -9.168140237026720651e-01 -5.299999999999999822e+00
-3.443559163220671904e-03 9.883714871461093399e-01 1.520195556396531922e-01 1.677000000000000046e+00
0.000000000000000000e+00 0.000000000000000000e+00 0.000000000000000000e+00 1.000000000000000000e+00
9.260658360876105055e-01 -5.413236667373860778e-02 3.734591732835798039e-01 3.130999999999999783e+00
3.773458611317145883e-01 1.419862891589485365e-01 -9.151229397068113558e-01 -5.299999999999999822e+00
-3.488311643145530772e-03 9.883873636227707982e-01 1.519152761005585217e-01 1.677000000000000046e+00
0.000000000000000000e+00 0.000000000000000000e+00 0.000000000000000000e+00 1.000000000000000000e+00
9.244211681813934156e-01 -5.471703058234861361e-02 3.774275432217400472e-01 3.159400000000000208e+00
3.813567400429724308e-01 1.418139568002937945e-01 -9.134855436625373137e-01 -5.299999999999999822e+00
-3.541276880572541419e-03 9.883799108748088091e-01 1.519625320174693150e-01 1.677000000000000046e+00
0.000000000000000000e+00 0.000000000000000000e+00 0.000000000000000000e+00 1.000000000000000000e+00
9.228088226876699496e-01 -5.543001008652523320e-02 3.812497747561356398e-01 3.186900000000000066e+00
3.852427859865097393e-01 1.416169023555798878e-01 -9.118841202765636256e-01 -5.299999999999999822e+00
-3.445666140054398641e-03 9.883684368437802847e-01 1.520393384484207133e-01 1.677000000000000046e+00
0.000000000000000000e+00 0.000000000000000000e+00 0.000000000000000000e+00 1.000000000000000000e+00
9.212476084239231700e-01 -5.596178281752020589e-02 3.849300232991531567e-01 3.213600000000000012e+00
3.889613826312645628e-01 1.413053639106708614e-01 -9.103525893584571982e-01 -5.299999999999999822e+00
-3.447723129384738794e-03 9.883830598477281182e-01 1.519442009793908754e-01 1.677000000000000046e+00
0.000000000000000000e+00 0.000000000000000000e+00 0.000000000000000000e+00 1.000000000000000000e+00
9.196613019760968566e-01 -5.652581183732205417e-02 3.886231107947160091e-01 3.239500000000000046e+00
3.926970575927649643e-01 1.411372323533875428e-01 -9.087735155700844558e-01 -5.299999999999999822e+00
-3.480029542273860299e-03 9.883749866522106853e-01 1.519959708499779572e-01 1.677000000000000046e+00
0.000000000000000000e+00 0.000000000000000000e+00 0.000000000000000000e+00 1.000000000000000000e+00
9.181693155493602099e-01 -5.707121212334853588e-02 3.920560989582881906e-01 3.264499999999999957e+00
3.961728375394781843e-01 1.409787361274152107e-01 -9.072883107126614721e-01 -5.299999999999999822e+00
-3.491529684467448158e-03 9.883662644519430884e-01 1.520524137058471559e-01 1.677000000000000046e+00
0.000000000000000000e+00 0.000000000000000000e+00 0.000000000000000000e+00 1.000000000000000000e+00
9.166746863927128786e-01 -5.758187300321820912e-02 3.954640909466532461e-01 3.288800000000000168e+00
3.996191490098698340e-01 1.406727946173359500e-01 -9.058232170789045634e-01 -5.299999999999999822e+00
-3.472041395065961211e-03 9.883802369311064373e-01 1.519620089777733996e-01 1.677000000000000046e+00
0.000000000000000000e+00 0.000000000000000000e+00 0.000000000000000000e+00 1.000000000000000000e+00
9.152676758647618760e-01 -5.810801139613264166e-02 3.986333409647316861e-01 3.312100000000000044e+00
4.028313434692117889e-01 1.405223532832328148e-01 -9.044226760461793191e-01 -5.299999999999999822e+00
-3.462692002909245614e-03 9.883708449966182030e-01 1.520232959936199113e-01 1.677000000000000046e+00
0.000000000000000000e+00 0.000000000000000000e+00 0.000000000000000000e+00 1.000000000000000000e+00
9.138601980981102546e-01 -5.859893629968221385e-02 4.017781763568405995e-01 3.334600000000000009e+00
4.060145679265134144e-01 1.402248309811277016e-01 -9.030443883928189752e-01 -5.299999999999999822e+00
-3.421836280327328339e-03 9.883841163438735755e-01 1.519379136213561687e-01 1.677000000000000046e+00
0.000000000000000000e+00 0.000000000000000000e+00 0.000000000000000000e+00 1.000000000000000000e+00
9.125149562411887239e-01 -5.896497401158415363e-02 4.047710296895700166e-01 3.356300000000000061e+00
4.090280648652333539e-01 1.400892341642538674e-01 -9.017045240120931116e-01 -5.299999999999999822e+00
-3.535079736587370958e-03 9.883815752588096526e-01 1.519518505980427814e-01 1.677000000000000046e+00
0.000000000000000000e+00 0.000000000000000000e+00 0.000000000000000000e+00 1.000000000000000000e+00
9.111997133490732370e-01 -5.943646684632650223e-02 4.076547421549174266e-01 3.376999999999999780e+00
4.119502660122159599e-01 1.398009573677748696e-01 -9.004180532683238036e-01 -5.299999999999999822e+00
-3.472855457854251426e-03 9.883941515042867776e-01 1.518714606076129459e-01 1.677000000000000046e+00
0.000000000000000000e+00 0.000000000000000000e+00 0.000000000000000000e+00 1.000000000000000000e+00
9.098769639377651819e-01 -5.996568743444438687e-02 4.105216520792894785e-01 3.396900000000000031e+00
4.148636742637937802e-01 1.397837935159496614e-01 -8.990821001702986592e-01 -5.299999999999999822e+00
-3.470197651361917046e-03 9.883646125801979210e-01 1.520636390708035579e-01 1.677000000000000046e+00
0.000000000000000000e+00 0.000000000000000000e+00 0.000000000000000000e+00 1.000000000000000000e+00
9.086580770083682035e-01 -6.041827700965429759e-02 4.131466215408751697e-01 3.415900000000000158e+00
4.175272778646288430e-01 1.395049495909786996e-01 -8.978916088696737852e-01 -5.299999999999999822e+00
-3.386934662410745478e-03 9.883764469283973231e-01 1.519885779616001187e-01 1.677000000000000046e+00
0.000000000000000000e+00 0.000000000000000000e+00 0.000000000000000000e+00 1.000000000000000000e+00
9.075068670132161452e-01 -6.074718696331687928e-02 4.156213007052221298e-01 3.434000000000000163e+00
4.200230058219022733e-01 1.393893422226717138e-01 -8.967448276154511566e-01 -5.299999999999999822e+00
-3.458454017489009935e-03 9.883725970254207960e-01 1.520120013190872366e-01 1.677000000000000046e+00
0.000000000000000000e+00 0.000000000000000000e+00 0.000000000000000000e+00 1.000000000000000000e+00
9.063607314656095815e-01 -6.103956908031554773e-02 4.180722371356587197e-01 3.451200000000000045e+00
4.224902314374813783e-01 1.391280528389021998e-01 -8.956256970705782638e-01 -5.299999999999999822e+00
-3.496969692242724026e-03 9.883913981413159355e-01 1.518888254060400123e-01 1.677000000000000046e+00
0.000000000000000000e+00 0.000000000000000000e+00 0.000000000000000000e+00 1.000000000000000000e+00
9.053130385045944362e-01 -6.135023127107852581e-02 4.202909128646061809e-01 3.467499999999999805e+00
4.247301704088315977e-01 1.390234487375299754e-01 -8.945818928670579151e-01 -5.299999999999999822e+00
-3.547486161169038921e-03 9.883868826649353512e-01 1.519170349823474042e-01 1.677000000000000046e+00
0.000000000000000000e+00 0.000000000000000000e+00 0.000000000000000000e+00 1.000000000000000000e+00
9.043145284095400749e-01 -6.178943774132711342e-02 4.223710443331097908e-01 3.482800000000000118e+00
4.268528213635824908e-01 1.388933170403140183e-01 -8.935912462504812526e-01 -5.299999999999999822e+00
-3.450014692818109685e-03 9.883778183797679029e-01 1.519782403289032247e-01 1.677000000000000046e+00
0.000000000000000000e+00 0.000000000000000000e+00 0.000000000000000000e+00 1.000000000000000000e+00
9.033190862045382685e-01 -6.195350360489224051e-02 4.244718976442098946e-01 3.497300000000000075e+00
4.289539222670831764e-01 1.388247842376598984e-01 -8.925952116458237828e-01 -5.299999999999999822e+00
-3.627818942998545237e-03 9.883771763210875694e-01 1.519782756096114962e-01 1.677000000000000046e+00
0.000000000000000000e+00 0.000000000000000000e+00 0.000000000000000000e+00 1.000000000000000000e+00
9.024415738128785947e-01 -6.233801394336413448e-02 4.262782868874882558e-01 3.510800000000000143e+00
4.307982405254814906e-01 1.385612684991947008e-01 -8.917475263952481246e-01 -5.299999999999999822e+00
-3.475890430406636256e-03 9.883899771292155023e-01 1.518985559385762629e-01 1.677000000000000046e+00
0.000000000000000000e+00 0.000000000000000000e+00 0.000000000000000000e+00 1.000000000000000000e+00
9.016259864861846385e-01 -6.263728872125215452e-02 4.279569494171871491e-01 3.523299999999999876e+00
4.325022967749903025e-01 1.386071229996338472e-01 -8.909151636032029975e-01 -5.299999999999999822e+00
-3.513371197660541956e-03 9.883646268029903093e-01 1.520625552442565753e-01 1.677000000000000046e+00
0.000000000000000000e+00 0.000000000000000000e+00 0.000000000000000000e+00 1.000000000000000000e+00
9.008050904563185135e-01 -6.287513287398760475e-02 4.296474213515802942e-01 3.534899999999999931e+00
4.342096499407220311e-01 1.383804000502595333e-01 -8.901195676875583995e-01 -5.299999999999999822e+00
-3.488395955102446822e-03 9.883812941107337213e-01 1.519547582198461089e-01 1.677000000000000046e+00
0.000000000000000000e+00 0.000000000000000000e+00 0.000000000000000000e+00 1.000000000000000000e+00
9.001156043237147353e-01 -6.311979074922413613e-02 4.310542783324717853e-01 3.545500000000000096e+00
4.356372915218446606e-01 1.382938209811472863e-01 -8.894351968040987710e-01 -5.299999999999999822e+00
-3.471179693598835936e-03 9.883778179897648730e-01 1.519777609300985710e-01 1.677000000000000046e+00
0.000000000000000000e+00 0.000000000000000000e+00 0.000000000000000000e+00 1.000000000000000000e+00
8.994239064331415179e-01 -6.336429283799727141e-02 4.324599437285354120e-01 3.555099999999999927e+00
4.370637326631472419e-01 1.382068605270418138e-01 -8.887486468590629629e-01 -5.299999999999999822e+00
-3.454001607470447155e-03 9.883743370284353569e-01 1.520007887364281385e-01 1.677000000000000046e+00
0.000000000000000000e+00 0.000000000000000000e+00 0.000000000000000000e+00 1.000000000000000000e+00
8.988355541650792091e-01 -6.356704474539301430e-02 4.336517927912808545e-01 3.563800000000000079e+00
4.382729461229065704e-01 1.380051454420731516e-01 -8.881843302649852223e-01 -5.299999999999999822e+00
-3.386925671265333948e-03 9.883895035125827011e-01 1.519036473579482016e-01 1.677000000000000046e+00
0.000000000000000000e+00 0.000000000000000000e+00 0.000000000000000000e+00 1.000000000000000000e+00
8.983251116799229052e-01 -6.364838036084682904e-02 4.346963047953076864e-01 3.571499999999999897e+00
4.393175533298721014e-01 1.379693656495572518e-01 -8.876736683480667134e-01 -5.299999999999999822e+00
-3.475782143489258846e-03 9.883892643183148641e-01 1.519031965390829630e-01 1.677000000000000046e+00
0.000000000000000000e+00 0.000000000000000000e+00 0.000000000000000000e+00 1.000000000000000000e+00
8.978285511530659235e-01 -6.375432843495415502e-02 4.357054949621297912e-01 3.578199999999999825e+00
4.403305318239419397e-01 1.380609921336435897e-01 -8.871573621374723162e-01 -5.299999999999999822e+00
-3.593811073351826924e-03 9.883696414079511383e-01 1.520280778839457059e-01 1.677000000000000046e+00
0.000000000000000000e+00 0.000000000000000000e+00 0.000000000000000000e+00 1.000000000000000000e+00
8.975064486466164393e-01 -6.390945449493787289e-02 4.363459135409635259e-01 3.583800000000000097e+00
4.409876051933869778e-01 1.378682914094016831e-01 -8.868609058300257475e-01 -5.299999999999999822e+00
-3.479468858883699722e-03 9.883865214833779111e-01 1.519209578907673164e-01 1.677000000000000046e+00
0.000000000000000000e+00 0.000000000000000000e+00 0.000000000000000000e+00 1.000000000000000000e+00
8.971143095881064511e-01 -6.397365108708732984e-02 4.371421822460542783e-01 3.588499999999999801e+00
4.417842585153674007e-01 1.378454148001651558e-01 -8.864678846673450519e-01 -5.299999999999999822e+00
-3.547458284739568590e-03 9.883855591747372493e-01 1.519256461383660384e-01 1.677000000000000046e+00
0.000000000000000000e+00 0.000000000000000000e+00 0.000000000000000000e+00 1.000000000000000000e+00
8.968713543132909027e-01 -6.400765354548165753e-02 4.376354580011142525e-01 3.592099999999999849e+00
4.422769397796736390e-01 1.378189625128353191e-01 -8.862262928344051272e-01 -5.299999999999999822e+00
-3.589199265901982239e-03 9.883870465862487631e-01 1.519149886915124592e-01 1.677000000000000046e+00
0.000000000000000000e+00 0.000000000000000000e+00 0.000000000000000000e+00 1.000000000000000000e+00
8.966564219379856704e-01 -6.418350753825707855e-02 4.380499267862688617e-01 3.594700000000000006e+00
4.427133281352639838e-01 1.377834835687082871e-01 -8.860138942178441557e-01 -5.299999999999999822e+00
-3.488565431098128444e-03 9.883805891536709964e-01 1.519593396125258344e-01 1.677000000000000046e+00
0.000000000000000000e+00 0.000000000000000000e+00 0.000000000000000000e+00 1.000000000000000000e+00
